4260445
;4356524
;4468599
;4590424
;4260155
;4557223
;4775664
;4924419
;4644761
;4462280
;4418398
;4086598
;4239051
;4171072
;4327417
;4448339
;4091761
;4621173
;4469186
;4082782
;4492630
;4740620
;4432557
;4171339
;4946395
;5277685
;4472121
;4488385
;4247220
;4141528
;4492533
;4371886
;4378248
;4391342
;4365763
;4214586
;4728903
;4790367
;4439868
;4430732
;4787800
;4383661
;4193595
;4307191
;4055457
;4168050
;4523300
;4293948
;4198187
;4167397
;4209322
;4240636
;4069824
;4249912
;4281342
;4403804
;4151214
;4114734
;4348429
;4221874
;4079523
;4265771
;4562028
;4077972
;4164298
;4222737
;4221058
;4233861
;4215294
;4062496
;4360771
;4078373
;4148923
;4083051
;4089228
;4083424
;4155970
;4079294
;4456345
;4077276
;4087877
;4083059
;4076264
;4082825
;4084517
;4079055
;4373274
;4072573
;4169092
;4137299
;4069808
;4167571
;4084511
;4077978
;4378051
;4078551
;4163898
;4149486
;4078805
;4066994
;4078950
;4068281
;4454537
;4079956
;4083326
;4083538
;4079556
;4081930
;4078402
;4082725
;4251711
;4067628
;4177475
;4064810
;4078759
;4085971
;4079717
;4084817
;4384125
;4078371
;4084459
;4081936
;4078667
;4082221
;4082448
;4087436
;4466829
;4066780
;4171505
;4086095
;4079067
;4289529
;4079160
;4083639
;4262544
;4128292
;4159217
;4083176
;4077758
;4065886
;4080102
;4084572
;4343969
;4110727
;4081197
;4077958
;4084266
;4081118
;4078904
;4080913
;4300833
;4077260
;4147881
;4068674
;4073098
;4072524
;4067595
;4072424
;4310435
;4078559
;4155440
;4223212
;4154184
;4082596
;4076917
;4080274
;4462460
;4077375
;4082329
;4077064
;4082663
;4082288
;4077813
;4080474
;4076510
;4369883
;4159783
;4078072
;4171635
;4084254
;4077798
;4082069
;4076677
;4522292
;4178123
;4060129
;4081920
;4086440
;4078519
;4083879
;4079118
;4439713
;4148555
;4078342
;4167432
;4082839
;4076172
;4081084
;4115480
;4345627
;4156757
;4078002
;4164363
;4082199
;4078537
;4066145
;4310169
;4410124
;4157225
;4080458
;4085414
;4085116
;4079397
;4084588
;4080428
;4247857
;4156290
;4079537
;4081588
;4081695
;4077630
;4065887
;4411699
;4137961
;4082157
;4079361
;4083733
;4082357
;4271579
;4075235
;4068714
;4246944
;4188150
;4085655
;4156441
;4066485
;4077588
;4088381
;4078102
;4346795
;4163721
;4067994
;4072227
;4067233
;4072283
;4057820
;4067668
;4231899
;4151571
;4079697
;4154014
;4079254
;4085457
;4083476
;4079478
;4372058
;4088216
;4078525
;4082057
;4076792
;4081821
;4084055
;4077788
;4239727
;4141048
;4110751
;4163053
;4078810
;4085843
;4083837
;4077141
;4350415
;4068615
;4175364
;4090797
;4060708
;4169248
;4092016
;4077039
;4253370
;4064732
;4150782
;4168451
;4078195
;4081007
;4083124
;4077122
;4370461
;4078691
;4065648
;4160782
;4068047
;4072862
;4071830
;4068478
;4293231
;4067182
;4070598
;4072972
;4068781
;4073821
;4067427
;4056186
;4311909
;4069377
;4149907
;4081830
;4076432
;4082748
;4076231
;4080808
;4305139
;4078494
;4082737
;4080853
;4077217
;4081493
;4076897
;4081776
;4239296
;4079744
;4084061
;4078062
;4083108
;4081916
;4287375
;4164436
;4133414
;4296475
;4168388
;4078697
;4084689
;4065292
;4079646
;4065850
;4082561
;4299289
;4082847
;4077909
;4083752
;4083525
;4078371
;4185678
;4225322
;4224892
;4085102
;4078596
;4082823
;4082444
;4078509
;4083333
;4187614
;4136418
;4158053
;4077567
;4152624
;4149330
;4079515
;4083614
;4077916
;4307673
;4166339
;4070377
;4168155
;4083062
;4078508
;4082329
;4077444
;4306170
;4156929
;4078006
;4135268
;4082853
;4077237
;4081752
;4078885
;4245896
;4164807
;4066625
;4147180
;4080424
;4077599
;4082046
;4078537
;4240879
;4166992
;4079486
;4158088
;4076557
;4082436
;4083132
;4078168
;4308418
;4168007
;4078349
;4150599
;4078895
;4081849
;4083411
;4076719
;4307597
;4166646
;4079762
;4084535
;4079071
;4146543
;4082680
;4076053
;4249574
;4160642
;4077381
;4153239
;4078116
;4064775
;4082476
;4079098
;4232629
;4077924
;4158099
;4168671
;4077637
;4122506
;4254187
;4078473
;4303398
;4078272
;4151935
;4172509
;4078994
;4082023
;4081952
;4076873
;4307117
;4078660
;4143502
;4174527
;4077822
;4095113
;4088272
;4061785
;4315111
;4077355
;4145668
;4168004
;4079307
;4191431
;4156628
;4061125
;4220477
;4080770
;4172797
;4168885
;4077333
;4155452
;4174054
;4079938
;4418724
;4077735
;4157494
;4232143
;4781960
;4172098
;4178908
;4081085
;4343246
;4179001
;4061890
;4173018
;4077300
;4147708
;4180461
;4079138
;4252866
;4164581
;4161576
;4311563
;4586477
;4376881
;4212787
;4230749
;4196361
;4154895
;4092890
;4504566
;4301724
;4433842
;4600376
;4403012
;4078640
;4164570
;4161572
;4324768
;4248395
;4134616
;4130738
;4570801
;4081195
;4177025
;4161768
;4079857
;4149911
;4161922
;4078565
;4419544
;4080969
;4151100
;4157516
;4061545
;4171770
;4162387
;4080346
;4267883
;4077430
;4234646
;4151042
;4079023
;4232980
;4229991
;4079990
;4449258
;4079299
;4169596
;4173390
;4062214
;4082470
;4068970
;4077922
;4293707
;4067475
;4147909
;4058921
;4068028
;4057077
;4072557
;4068354
;4304516
;4080656
;4084365
;4084863
;4079454
;4084113
;4078693
;4086914
;4373897
;4068215
;4085191
;4109947
;4078251
;4083169
;4078389
;4081825
;4308966
;4077867
;4082825
;4083920
;4062825
;4081551
;4077958
;4083634
;4077227
;4434603
;4158266
;4168644
;4078116
;4082334
;4077991
;4081610
;4082078
;4432552
;4154537
;4153628
;4077341
;4168596
;4078025
;4068942
;4221627
;4169356
;4082389
;4060900
;4066363
;4081744
;4062117
;4064820
;4231765
;4231126
;4148534
;4062558
;4065901
;4082661
;4077818
;4082370
;4331675
;4182025
;4162361
;4077071
;4171224
;4153348
;4077013
;4068765
;4066871
;4371246
;4168602
;4078315
;4068479
;4067610
;4078267
;4082218
;4062989
;4336922
;4173533
;4080240
;4152188
;4083780
;4086190
;4077778
;4068269
;4309415
;4148933
;4069275
;4132902
;4082450
;4079245
;4069270
;4079072
;4382540
;4172323
;4080007
;4068959
;4083383
;4062840
;4083482
;4077944
;4292948
;4075625
;4068381
;4073185
;4068982
;4072448
;4074407
;4069180
;4375301
;4165444
;4077179
;4128141
;4070016
;4168367
;4151921
;4080035
;4359666
;4169215
;4068834
;4074324
;4068174
;4058708
;4074608
;4069158
;4308129
;4083715
;4062775
;4083665
;4080007
;4068121
;4067421
;4080230
;4312480
;4084044
;4061609
;4066160
;4062576
;4064500
;4083098
;4078273
;4372952
;4064160
;4081834
;4083193
;4078039
;4082701
;4082661
;4078899
;4452859
;4080355
;4083497
;4148593
;4079857
;4149172
;4150249
;4078863
;4373772
;4078865
;4159365
;4181473
;4068156
;4073316
;4060125
;4069185
;4182708
;4587347
;4163248
;4086222
;4080293
;4084735
;4083424
;4079177
;4282711
;4107030
;4168628
;4176682
;4070722
;4072456
;4094191
;4078743
;4382880
;4077276
;4153395
;4187854
;4106784
;4085592
;4082861
;4077922
;4288776
;4068623
;4149859
;4083058
;4077314
;4069348
;4077201
;4083744
;4450031
;4078139
;4168711
;4084950
;4100828
;4089629
;4078713
;4083906
;4375175
;4080138
;4157590
;4167831
;4077155
;4084001
;4078456
;4084228
;4069093
;4441447
;4154820
;4168291
;4079950
;4084046
;4078678
;4081367
;4082027
;4307338
;4155273
;4086841
;4078830
;4084789
;4078878
;4084116
;4085061
;4308824
;4157130
;4152646
;4068636
;4074709
;4068646
;4074316
;4147154
;4306985
;4085144
;4080660
;4084080
;4083515
;4079353
;4083339
;4153546
;4304977
;4169647
;4079940
;4166808
;4066783
;4076911
;4082181
;4357965
;4138350
;4161610
;4062913
;4082551
;4083037
;4077472
;4083337
;4164371
;4113539
;4162276
;4079103
;4151140
;4143532
;4080098
;4168592
;4228044
;4258995
;4156745
;4078832
;4162558
;4160888
;4097479
;4174762
;4136523
;4430951
;4163456
;4075930
;4081454
;4081503
;4077187
;4085025
;4083362
;4367630
;4169108
;4081331
;4156245
;4085792
;4064376
;4082395
;4078677
;4304435
;4073829
;4067780
;4072960
;4073985
;4070417
;4073021
;4069940
;4362522
;4083082
;4078262
;4084222
;4083416
;4079549
;4081977
;4077235
;4312409
;4163253
;4077986
;4132197
;4152609
;4078132
;4149273
;4080105
;4419752
;4174625
;4068523
;4146536
;4083851
;4080739
;4083201
;4081219
;4381222
;4154191
;4078818
;4147832
;4158282
;4079062
;4153662
;4081177
;4302408
;4145834
;4070384
;4072958
;4073170
;4068267
;4073826
;4069816
;4283835
;4085291
;4078697
;4083900
;4078389
;4067548
;4293278
;4079167
;4307556
;4149225
;4061342
;4134080
;4077745
;4159436
;4175422
;4077800
;4377855
;4161207
;4085487
;4171984
;4077349
;4082829
;4083244
;4078869
;4380515
;4169408
;4061661
;4068012
;4078960
;4066315
;4096299
;4078037
;4379602
;4168231
;4068340
;4146328
;4051185
;4058188
;4237374
;4078373
;4451497
;4153059
;4079607
;4170545
;4537762
;4306797
;4322978
;4142350
;4513613
;4174022
;4077371
;4203665
;4227937
;4078652
;4143899
;4150170
;4446099
;4384519
;4148363
;4157490
;4155203
;4079020
;4155053
;4141949
;4359358
;4180362
;4087657
;4084880
;4083511
;4079695
;4082644
;4085362
;4491767
;4664833
;4544054
;4081448
;4082853
;4078219
;4123071
;4388913
;4077693
;4068931
;4082831
;4061866
;4126977
;4076603
;4083505
;4305712
;4068062
;4190257
;4191142
;4080743
;4169060
;4078223
;4072680
;4438599
;4719030
;4173319
;4168910
;4282250
;4189640
;4161476
;4077163
;4516226
;4078264
;4179955
;4160567
;4080565
;4158237
;4183894
;4078325
;4513711
;4150850
;4130384
;4163288
;4079231
;4171920
;4087842
;4079373
;4377898
;4393767
;4080599
;4157559
;4079472
;4086460
;4166899
;4071224
;4370239
;4090086
;4078318
;4151273
;4078511
;4175189
;4091112
;4089684
;4378865
;4086394
;4077404
;4083330
;4078634
;4080756
;4083070
;4078627
;4370247
;4080161
;4086322
;4082610
;4078072
;4084286
;4081450
;4079260
;4372373
;4077665
;4172442
;4083991
;4077822
;4084590
;4081488
;4078317
;4380402
;4078681
;4192889
;4083621
;4078782
;4081835
;4080306
;4077174
;4082960
;4374764
;4074247
;4071010
;4068940
;4073340
;4069700
;4072683
;4056957
;4375683
;4153081
;4152901
;4079163
;4084126
;4079581
;4085017
;4259054
;4265862
;4181397
;4187117
;4078017
;4084832
;4077646
;4082270
;4464137
;4060291
;4152284
;4085015
;4078938
;4064623
;4077877
;4082327
;4547080
;4071652
;4159820
;4150888
;4076897
;4081080
;4076670
;4080983
;4081770
;4334300
;4160915
;4221016
;4162013
;4084554
;4076393
;4138613
;4327695
;4078099
;4171323
;4147318
;4077387
;4081511
;4078350
;4108033
;4083127
;4363482
;4084894
;4083132
;4077555
;4082985
;4079469
;4083898
;4151441
;4235015
;4152170
;4082191
;4076879
;4083715
;4078371
;4083885
;4081029
;4232552
;4168473
;4078719
;4159146
;4081665
;4078079
;4080753
;4083428
;4231996
;4152990
;4076091
;4098255
;4081895
;4077379
;4082174
;4079466
;4234132
;4152990
;4059534
;4083774
;4081551
;4077292
;4082944
;4077614
;4301817
;4156170
;4078968
;4082896
;4082568
;4075782
;4080313
;4078470
;4299700
;4156324
;4079043
;4082981
;4082349
;4078772
;4085993
;4078828
;4221813
;4085223
;4077238
;4083728
;4077885
;4083359
;4083172
;4077580
;4241444
;4305826
;4449118
;4445320
;4158444
;4078557
;4157812
;4069000
;4358710
;4157010
;4078881
;4149577
;4165910
;4141419
;4080772
;4076784
;4307644
;4159314
;4077740
;4084822
;4085141
;4080478
;4081373
;4077796
;4265463
;4159814
;4093852
;4174226
;4083559
;4078662
;4104330
;4079845
;4332885
;4084596
;4077960
;4083219
;4077549
;4081343
;4082977
;4077547
;4310145
;4086714
;4077993
;4083480
;4154024
;4084122
;4083486
;4059170
;4243336
;4168408
;4059943
;4166357
;4077776
;4067251
;4081803
;4076225
;4247505
;4079170
;4156134
;4065599
;4077075
;4082011
;4081665
;4076594
;4310222
;4077531
;4105170
;4082735
;4076437
;4082196
;4081608
;4076049
;4243156
;4079223
;4085349
;4081737
;4077829
;4081421
;4077106
;4081877
;4080319
;4236974
;4167005
;4083199
;4077656
;4066733
;4078960
;4084195
;4065597
;4230650
;4150708
;4083444
;4078037
;4081479
;4078828
;4082963
;4151660
;4165847
;4083349
;4077410
;4081137
;4082488
;4077231
;4081940
;4097982
;4247791
;4156814
;4059244
;4134941
;4082606
;4076377
;4082392
;4077964
;4309536
;4082948
;4075976
;4081351
;4083466
;4079511
;4083314
;4077363
;4253637
;4084847
;4078308
;4081839
;4082616
;4078203
;4090418
;4067561
;4306062
;4151105
;4068449
;4132556
;4084139
;4080097
;4084084
;4079025
;4232802
;4178874
;4060820
;4083339
;4077430
;4083513
;4086116
;4061018
;4236039
;4084511
;4078669
;4082426
;4077071
;4083185
;4083513
;4079409
;4324189
;4085824
;4076879
;4095214
;4076170
;4080672
;4083369
;4076739
;4253584
;4141461
;4145832
;4081511
;4061692
;4083011
;4081584
;4076810
;4242030
;4080189
;4085410
;4083422
;4079481
;4083345
;4078618
;4082365
;4233692
;4068160
;4135194
;4084562
;4064577
;4082987
;4077841
;4085034
;4082412
;4307441
;4169078
;4145886
;4077302
;4080077
;4077045
;4082419
;4081491
;4228895
;4150152
;4066016
;4078302
;4082687
;4080594
;4287936
;4629097
;4141034
;4168691
;4257562
;4162316
;4085511
;4070270
;4093740
;4074816
;4257707
;4162656
;4163017
;4060417
;4164661
;4080106
;4152863
;4434828
;4081420
;4159300
;4069664
;4078223
;4150648
;4078628
;4168157
;4088709
;4298568
;4085907
;4083788
;4079035
;4084513
;4079164
;4084507
;4083248
;4229382
;4079104
;4070474
;4072891
;4072038
;4068764
;4073439
;4502912
;4352817
;4167399
;4158338
;4078784
;4179886
;4077557
;4154958
;4346069
;4211288
;4179613
;4154229
;4077778
;4140080
;4077601
;4082872
;4083228
;4238513
;4165637
;4084770
;4078835
;4083064
;4079306
;4083266
;4084953
;4216124
;4152219
;4078357
;4134228
;4082389
;4077344
;4067796
;4083958
;4229215
;4076460
;4069343
;4071710
;4073183
;4069523
;4075385
;4068031
;4230751
;4149710
;4078952
;4065358
;4081938
;4076563
;4082687
;4078480
;4238033
;4164244
;4060941
;4083827
;4081349
;4079976
;4083625
;4079241
;4239096
;4086543
;4080984
;4141133
;4080920
;4084193
;4085476
;4081489
;4308224
;4089636
;4064801
;4069389
;4077642
;4110838
;4083436
;4078844
;4291995
;4243414
;4068421
;4132390
;4078871
;4082523
;4136722
;4097736
;4395004
;4086845
;4079551
;4083355
;4077126
;4084577
;4083774
;4080375
;4238755
;4135726
;4111772
;4083073
;4078521
;4068921
;4083169
;4078410
;4081665
;4299874
;4163059
;4308593
;4237662
;4171011
;4164978
;4080305
;4607068
;4215197
;4078982
;4147362
;4079237
;4153768
;4164946
;4079396
;4238937
;4086783
;4079385
;4085566
;4079306
;4083859
;4083687
;4080278
;4289835
;4079721
;4086116
;4069301
;4078994
;4066741
;4083295
;4077476
;4083389
;4235968
;4154990
;4083912
;4077802
;4082333
;4084519
;4079944
;4081837
;4251104
;4067547
;4082632
;4078492
;4079875
;4077847
;4082221
;4080019
;4235128
;4154988
;4085031
;4079485
;4081919
;4201812
;4085144
;4207916
;4188384
;4329617
;4103318
;4078772
;4080772
;4077699
;4082205
;4082685
;4242019
;4153909
;4083839
;4078314
;4083390
;4078019
;4083126
;4081537
;4237117
;4172296
;4078808
;4170598
;4169598
;4077894
;4091495
;4077001
;4233981
;4068061
;4076216
;4081190
;4083637
;4077481
;4087912
;4082806
;4236146
;4137890
;4061109
;4083086
;4082268
;4076883
;4082650
;4076547
;4240227
;4084683
;4077917
;4080977
;4095230
;4078974
;4083835
;4077717
;4241292
;4164940
;4060506
;4136455
;4082398
;4077480
;4083527
;4076377
;4303342
;4082902
;4059852
;4064892
;4078023
;4081284
;4080930
;4077336
;4193243
;4208726
;4078395
;4083787
;4076881
;4081124
;4081922
;4077422
;4245106
;4161566
;4061635
;4067949
;4077944
;4082382
;4083406
;4075834
;4223781
;4079548
;4174413
;4082276
;4077274
;4067601
;4080977
;4076854
;4441450
;4076812
;4164059
;4082834
;4077513
;4064712
;4066565
;4077592
;4321482
;4199752
;4163497
;4158984
;4077571
;4140884
;4153512
;4078318
;4445970
;4068194
;4161126
;4072235
;4068496
;4072458
;4071547
;4068636
;4071314
;4226648
;4086264
;4085641
;4080049
;4082999
;4080091
;4096550
;4088764
;4299963
;4085740
;4082288
;4077804
;4082808
;4077794
;4086164
;4082988
;4231451
;4170758
;4066083
;4076452
;4065461
;4077563
;4081290
;4081058
;4232263
;4066852
;4080754
;4083135
;4085816
;4077598
;4083157
;4081769
;4230379
;4085881
;4078681
;4082928
;4082782
;4078488
;4082118
;4060656
;4229793
;4172269
;4077440
;4150520
;4082617
;4077612
;4068851
;4077397
;4311243
;4175906
;4075931
;4162983
;4166928
;4078845
;4166733
;4080533
;4308008
;4196625
;4059601
;4085389
;4081530
;4078985
;4083756
;4079251
;4244646
;4147567
;4076678
;4065674
;4081404
;4080511
;4081539
;4078094
;4236006
;4074424
;4066746
;4071355
;4067326
;4057224
;4072569
;4068035
;4071956
;4238130
;4077288
;4081746
;4076816
;4080341
;4082181
;4076237
;4079837
;4236919
;4085299
;4084293
;4077883
;4065320
;4085084
;4078371
;4124513
;4197144
;4167382
;4184506
;4077501
;4082257
;4081695
;4090440
;4310435
;4112978
;4086983
;4083059
;4079120
;4082489
;4078227
;4084511
;4083470
;4238820
;4147729
;4074138
;4069093
;4073144
;4068183
;4072072
;4071160
;4296319
;4171394
;4080583
;4075614
;4084248
;4077802
;4082284
;4065119
;4231166
;4074867
;4067946
;4058196
;4119400
;4078597
;4084762
;4082974
;4304585
;4084914
;4078389
;4081033
;4081318
;4074646
;4081448
;4077545
;4234137
;4169774
;4076974
;4155274
;4151024
;4077675
;4085750
;4161535
;4253912
;4084857
;4077476
;4068625
;4081919
;4077887
;4066065
;4078458
;4240760
;4083227
;4060981
;4065441
;4080331
;4076307
;4081705
;4078401
;4121739
;4355032
;4076667
;4179040
;4077921
;4159642
;4082823
;4345228
;4314117
;4152010
;4079160
;4149788
;4143125
;4075942
;4065253
;4076242
;4223481
;4085713
;4077239
;4498620
;4215397
;4065054
;4163169
;4076114
;4440105
;4157832
;4080452
;4153330
;4081774
;4075355
;4081570
;4090717
;4324547
;4161974
;4080160
;4164560
;4174284
;4078516
;4086934
;4062245
;4311654
;4087203
;4077025
;4065858
;4077337
;4065259
;4185825
;4077847
;4390259
;4177475
;4077628
;4082673
;4077970
;4081748
;4081748
;4076654
;4241581
;4152639
;4078009
;4083082
;4078088
;4081762
;4082521
;4077399
;4322744
;4084612
;4079263
;4084001
;4077818
;4082841
;4081972
;4078904
;4082154
;4237834
;4085432
;4083744
;4077972
;4082329
;4085064
;4079063
;4066970
;4237081
;4173469
;4151443
;4077964
;4084859
;4084088
;4077515
;4135182
;4169228
;4083876
;4080576
;4076725
;4080859
;4075221
;4076268
;4082815
;4235445
;4087080
;4085414
;4077762
;4081626
;4077745
;4063901
;4409466
;4248401
;4157561
;4232873
;4076134
;4149298
;4068757
;4074057
;4101541
;4291353
;4086634
;4064222
;4077503
;4080660
;4077347
;4080826
;4083053
;4234008
;4159148
;4078051
;4169406
;4083013
;4079035
;4078375
;4098981
;4235690
;4084440
;4076555
;4082879
;4083944
;4077357
;4085379
;4083474
;4240375
;4153784
;4079719
;4149547
;4082872
;4077679
;4082733
;4077389
;4240735
;4085708
;4079223
;4082529
;4100136
;4079593
;4081857
;4078328
;4243282
;4084845
;4077068
;4080693
;4082411
;4076924
;4082608
;4077122
;4240197
;4162442
;4070109
;4143716
;4078391
;4153689
;4082762
;4078349
;4247719
;4087133
;4077816
;4083446
;4078122
;4083325
;4111008
;4078693
;4069543
;4242233
;4076938
;4082462
;4077043
;4081497
;4084424
;4076245
;4065555
;4236484
;4164474
;4156182
;4077855
;4154733
;4083047
;4077028
;4151158
;4164068
;4073308
;4072258
;4066775
;4056755
;4072935
;4067788
;4234441
;4170025
;4073678
;4072519
;4067534
;4072330
;4068015
;4073002
;4071774
;4234775
;4158470
;4172187
;4077213
;4084179
;4079523
;4085485
;4083487
;4235461
;4082979
;4081420
;4077911
;4081451
;4077540
;4081579
;4097086
;4312577
;4166705
;4069296
;4072450
;4072715
;4067816
;4075003
;4072930
;4234413
;4155869
;4079313
;4160190
;4072269
;4068002
;4072405
;4068885
;4286508
;4082666
;4078512
;4083254
;4080203
;4076897
;4081853
;4076580
;4238907
;4074067
;4067876
;4089611
;4070063
;4067988
;4071040
;4068783
;4240112
;4086975
;4077695
;4115962
;4074231
;4082019
;4073719
;4068905
;4074356
;4459448
;4080188
;4164308
;4069957
;4074655
;4073022
;4069103
;4144437
;4170510
;4052104
;4074199
;4070326
;4072968
;4076188
;4067852
;4149749
;4175635
;4158325
;4083236
;4077865
;4082233
;4081507
;4077160
;4350328
;4108458
;4156847
;4085244
;4077677
;4081191
;4082842
;4077114
;4084544
;4241624
;4304344
;4065518
;4078438
;4081677
;4082041
;4079035
;4083294
;4237691
;4067936
;4083723
;4078264
;4084552
;4079569
;4066700
;4083886
;4234405
;4149998
;4069810
;4079267
;4085864
;4078865
;4084337
;4157015
;4318810
;4162345
;4085127
;4079310
;4066348
;4079610
;4067660
;4084289
;4239854
;4069135
;4079610
;4084618
;4083048
;4077258
;4082853
;4082948
;4238408
;4084485
;4076782
;4081563
;4066990
;4077875
;4081887
;4078003
;4306444
;4153054
;4075813
;4084436
;4081703
;4078079
;4082734
;4077217
;4150903
;4203966
;4078473
;4083661
;4083910
;4079746
;4082634
;4078543
;4198974
;4191812
;4081511
;4085090
;4077043
;4081911
;4085462
;4077308
;4239288
;4083375
;4077925
;4084017
;4079266
;4066656
;4082637
;4078829
;4239298
;4086383
;4078800
;4066298
;4078183
;4064257
;4097937
;4079422
;4082296
;4239059
;4084215
;4082877
;4077658
;4082604
;4080859
;4078912
;4619821
;4274326
;4144395
;4157514
;4080069
;4082466
;4082797
;4078940
;4337357
;4077930
;4160774
;4083466
;4078779
;4064682
;4080968
;4076717
;4081638
;4300349
;4153281
;4143360
;4078428
;4084737
;4083475
;4078212
;4079154
;4238142
;4193260
;4082736
;4077363
;4065435
;4077806
;4082859
;4083039
;4238608
;4159431
;4067696
;4077448
;4068936
;4077576
;4085321
;4083481
;4236717
;4174819
;4238195
;4077624
;4151976
;4079236
;4067697
;4082260
;4287505
;4084770
;4085807
;4159104
;4303471
;4465177
;4507749
;4272828
;4308105
;4168608
;4165450
;4165465
;4569822
;4391059
;4383736
;4595181
;4227329
;4078180
;4151424
;4158104
;4080004
;4170145
;4077531
;4443701
;4160112
;4079410
;4180519
;4162021
;4078571
;4431174
;4395217
;4490664
;4170102
;4079079
;4072755
;4087150
;4077158
;4069381
;4085845
;4365089
;4180538
;4078140
;4151937
;4365356
;4067378
;4159644
;4386236
;4296007
;4163687
;4061698
;4218232
;4136772
;4078438
;4159626
;4157932
;4286199
;4156456
;4076964
;4103158
;4085270
;4077656
;4147956
;4167711
;4367021
;4138884
;4078250
;4082330
;4083070
;4077553
;4082572
;4081886
;4319976
;4156903
;4077776
;4099514
;4090896
;4080237
;4072170
;4085531
;4430346
;4150737
;4078888
;4152678
;4154782
;4086588
;4156517
;4168787
;4295090
;4153257
;4079195
;4139532
;4178843
;4079408
;4085575
;4083554
;4303815
;4162557
;4077503
;4080871
;4065907
;4077163
;4081871
;4077975
;4285788
;4193393
;4067897
;4073082
;4073221
;4067364
;4073076
;4068225
;4298594
;4084021
;4079430
;4082369
;4084154
;4079442
;4273624
;4068507
;4302202
;4084696
;4311811
;4168517
;4159258
;4149259
;4174661
;4079349
;4443334
;4163084
;4159369
;4082687
;4080753
;4077815
;4082464
;4077682
;4267595
;4223077
;4078980
;4081784
;4080871
;4078009
;4080587
;4074525
;4303637
;4084167
;4078764
;4082677
;4080462
;4078098
;4085649
;4062960
;4307491
;4084492
;4062808
;4068302
;4078179
;4067516
;4082290
;4077721
;4082045
;4441195
;4067555
;4072257
;4068733
;4072808
;4073752
;4068274
;4074644
;4506145
;4161454
;4181422
;4068648
;4074055
;4072031
;4069211
;4071120
;4304900
;4077442
;4081503
;4078606
;4081940
;4083511
;4079369
;4067427
;4297991
;4060811
;4073915
;4068561
;4071921
;4070938
;4066938
;4071650
;4294632
;4175641
;4065518
;4076093
;4080357
;4083304
;4078104
;4080650
;4301280
;4083127
;4082066
;4079138
;4064676
;4076243
;4066002
;4081711
;4301407
;4084837
;4081517
;4079116
;4081525
;4077665
;4082711
;4082512
;4283063
;4165859
;4148739
;4076593
;4180049
;4078840
;4085413
;4083555
;4297451
;4150128
;4083215
;4078436
;4084404
;4078385
;4084137
;4084001
;4300852
;4085462
;4078127
;4083976
;4082968
;4077988
;4085418
;4318002
;4341697
;4156732
;4060194
;4065921
;4081851
;4077185
;4084732
;4084151
;4376054
;4087594
;4061561
;4071004
;4082434
;4066468
;4056611
;4067269
;4279941
;4188245
;4055311
;4146925
;4146160
;4079727
;4067217
;4077794
;4368002
;4176500
;4070278
;4087713
;4080934
;4078428
;4166582
;4149314
;4307032
;4153563
;4079359
;4082422
;4085540
;4079331
;4083697
;4079014
;4082602
;4377758
;4080879
;4157275
;4166446
;4079163
;4083383
;4077652
;4152399
;4237190
;4206107
;4082602
;4082693
;4078320
;4083236
;4077669
;4288675
;4084145
;4078446
;4082090
;4076865
;4081762
;4082445
;4076507
;4371887
;4084598
;4076816
;4068676
;4076709
;4081802
;4082489
;4080313
;4082869
;4387890
;4079976
;4084908
;4080551
;4085081
;4085789
;4080733
;4083416
;4302195
;4081758
;4110733
;4080399
;4085750
;4084106
;4080780
;4083940
;4298232
;4084888
;4079964
;4078525
;4081658
;4082900
;4079853
;4082561
;4293669
;4157784
;4169258
;4069322
;4148528
;4083278
;4080693
;4083922
;4356083
;4084448
;4083438
;4078743
;4093866
;4077660
;4083784
;4084009
;4297391
;4085254
;4082657
;4079342
;4081656
;4078888
;4081838
;4082467
;4525318
;4174496
;4085267
;4080077
;4069154
;4078053
;4085068
;4085477
;4296669
;4159551
;4146101
;4068213
;4142425
;4076814
;4066570
;4081381
;4294671
;4083247
;4082216
;4078523
;4064763
;4078041
;4083687
;4082952
;4294074
;4085201
;4079373
;4082584
;4084163
;4078632
;4063330
;4082699
;4372511
;4088233
;4078648
;4084009
;4082669
;4078668
;4083121
;4077252
;4243199
;4218870
;4052989
;4057509
;4071569
;4067568
;4072236
;4066375
;4291618
;4147807
;4076956
;4082765
;4084893
;4077043
;4083821
;4077718
;4295900
;4168872
;4061506
;4067212
;4083369
;4077430
;4079982
;4077000
;4064249
;4393721
;4099884
;4156122
;4069782
;4074944
;4072365
;4068530
;4069996
;4296881
;4079160
;4083851
;4079326
;4082578
;4085313
;4079359
;4083554
;4390401
;4078176
;4165296
;4067447
;4072697
;4073954
;4067768
;4309196
;4246330
;4079426
;4084637
;4079691
;4066894
;4084100
;4079466
;4083750
;4487865
;4078052
;4083861
;4078472
;4084475
;4085013
;4078830
;4083598
;4293244
;4153700
;4085128
;4078652
;4083305
;4081664
;4079820
;4083963
;4296687
;4084989
;4066921
;4080021
;4065653
;4083948
;4077999
;4082766
;4291801
;4145376
;4128297
;4425989
;4118697
;4082768
;4078262
;4082057
;4296088
;4165413
;4069071
;4078051
;4066931
;4079035
;4084183
;4083374
;4389957
;4718928
;4246555
;4080677
;4168742
;4154012
;4069110
;4149919
;4296424
;4160983
;4174359
;4078535
;4172634
;4157596
;4063028
;4165236
;4356776
;4111413
;4154645
;4078976
;4147489
;4171815
;4068492
;4155792
;4435751
;4078649
;4173962
;4079948
;4166763
;4175659
;4079720
;4624492
;4293435
;4080179
;4171135
;4078751
;4160910
;4158820
;4079365
;4401903
;4156733
;4054621
;4148468
;4080730
;4230639
;4169064
;4078486
;4143330
;4383443
;4077434
;4153192
;4077527
;4259857
;4163369
;4077248
;4192297
;4381394
;4079397
;4158391
;4131173
;4107079
;4160885
;4077752
;4286642
;4085247
;4077126
;4081126
;4077671
;4083011
;4082865
;4079233
;4080628
;4391437
;4078873
;4083845
;4077272
;4083602
;4083474
;4078646
;4083001
;4370832
;4078647
;4082330
;4077488
;4085064
;4083718
;4077913
;4083774
;4295165
;4068318
;4072567
;4068621
;4073349
;4072950
;4067967
;4072328
;4289019
;4082372
;4081023
;4077904
;4082191
;4083263
;4078466
;4080035
;4293610
;4154043
;4072812
;4067138
;4056572
;4068089
;4072964
;4071698
;4285887
;4087412
;4077833
;4067389
;4071243
;4067836
;4071231
;4071835
;4289739
;4085124
;4082507
;4078760
;4067136
;4076790
;4081341
;4082503
;4186862
;4294201
;4120077
;4129942
;4158998
;4077818
;4244922
;4157306
;4381415
;4098109
;4082918
;4062464
;4084715
;4077369
;4063948
;4081484
;4293135
;4085292
;4077999
;4081141
;4082302
;4077608
;4081078
;4082968
;4291948
;4101751
;4146771
;4084861
;4082963
;4079475
;4083590
;4077549
;4085831
;4374837
;4077030
;4081092
;4083693
;4077235
;4082139
;4076911
;4151958
;4230166
;4062033
;4082453
;4081428
;4076832
;4081606
;4076685
;4192173
;4202344
;4078726
;4083131
;4078142
;4082140
;4081185
;4077440
;4081332
;4382042
;4078699
;4084045
;4077936
;4083021
;4081950
;4078019
;4082114
;4299188
;4077195
;4081513
;4078680
;4080304
;4081048
;4076049
;4080240
;4292756
;4068591
;4072573
;4066523
;4070108
;4075237
;4068569
;4071343
;4358259
;4085534
;4112238
;4078950
;4083974
;4082291
;4080025
;4083657
;4297651
;4083406
;4083151
;4077389
;4082875
;4077350
;4083949
;4083264
;4293465
;4083165
;4082801
;4075867
;4080525
;4077804
;4080942
;4080021
;4298587
;4068673
;4083149
;4077958
;4082616
;4078657
;4082436
;4081898
;4186194
;4283268
;4151247
;4078832
;4153733
;4078509
;4082986
;4083013
;4289456
;4098919
;4077458
;4083238
;4083422
;4078425
;4084507
;4082096
;4294309
;4082886
;4077974
;4082106
;4082324
;4077070
;4083175
;4082646
;4365357
;4082910
;4078140
;4083918
;4083166
;4078375
;4080966
;4077077
;4082171
;4369069
;4077802
;4097086
;4081616
;4078869
;4067156
;4076410
;4081476
;4367310
;4077486
;4081284
;4083031
;4077237
;4064907
;4077037
;4120243
;4261591
;4078449
;4081677
;4076567
;4081045
;4082301
;4077229
;4265847
;4205263
;4078111
;4082238
;4078205
;4081007
;4083353
;4078525
;4083049
;4380007
;4077811
;4083247
;4079849
;4084102
;4082571
;4079890
;4082130
;4373677
;4079258
;4082796
;4079664
;4082572
;4082776
;4077792
;4375650
;4397057
;4062301
;4083974
;4077424
;4081490
;4082801
;4076302
;4084467
;4730882
;4081003
;4133501
;4080483
;4083373
;4082481
;4078251
;4083707
;4343722
;4108261
;4082895
;4079187
;4084622
;4083210
;4076685
;4084385
;4306737
;4154306
;4084256
;4077481
;4081784
;4082456
;4076646
;4084264
;4297343
;4082640
;4083254
;4079169
;4066922
;4085708
;4077894
;4082057
;4295199
;4153881
;4057511
;4069942
;4056752
;4052182
;4072229
;4071100
;4351702
;4174293
;4084784
;4077158
;4082629
;4077234
;4082968
;4082031
;4294513
;4085764
;4083187
;4078468
;4083959
;4078493
;4083223
;4094090
;4349445
;4074804
;4068468
;4071832
;4074419
;4068650
;4074217
;4073737
;4069217
;4386560
;4077574
;4162411
;4151429
;4068352
;4075223
;4073013
;4202488
;4182141
;4063427
;4071053
;4170450
;4077822
;4083590
;4078141
;4296211
;4163626
;4079083
;4083179
;4082479
;4078630
;4082438
;4078169
;4084863
;4374608
;4078112
;4881232
;5343718
;4933613
;4411387
;4421750
;4460839
;4080214
;4170310
;4128392
;4122909
;4155980
;4079332
;4167119
;4448172
;4079288
;4148711
;4074320
;4052997
;4071450
;4067363
;4372601
;4408470
;4080399
;4066664
;4080900
;4078562
;4067985
;4077523
;4081861
;4460882
;4068903
;4159523
;4077680
;4082153
;4082918
;4076753
;4082627
;4392893
;4078446
;4081969
;4060408
;4080808
;4083215
;4076682
;4081386
;4376098
;4079191
;4083610
;4077569
;4081877
;4081808
;4078045
;4082226
;4385582
;4078618
;4083977
;4077711
;4068119
;4081693
;4076946
;4084331
;4284245
;4158235
;4067368
;4062692
;4083920
;4082660
;4078881
;4083582
;4300550
;4083242
;4082594
;4077103
;4079377
;4081679
;4076167
;4080671
;4302020
;4153134
;4154011
;4077007
;4157490
;4076691
;4068799
;4083074
;4365587
;4087726
;4066245
;4078728
;4082980
;4078642
;4083381
;4083887
;4301465
;4361656
;4154265
;4078677
;4158849
;4078656
;4153203
;4181016
;4300422
;4160132
;4069020
;4077255
;4169859
;4077612
;4145665
;4162256
;4298934
;4150166
;4139761
;4079701
;4173884
;4077173
;4066960
;4081841
;4366085
;4181698
;4084398
;4076658
;4067352
;4077766
;4083313
;4083645
;4370857
;4085460
;4084861
;4082384
;4083370
;4076503
;4082721
;4082320
;4295153
;4137348
;4163421
;4078480
;4082382
;4077865
;4082571
;4081616
;4146251
;4350866
;4172053
;4078460
;4083438
;4077895
;4083476
;4083337
;4309401
;4143681
;4078363
;4084015
;4080013
;4077373
;4081929
;4081313
;4303486
;4147937
;4068216
;4265000
;4169017
;4060947
;4083892
;4080838
;4078029
;4385432
;4067500
;4150951
;4082303
;4078290
;4084462
;4064637
;4078406
;4305928
;4077444
;4082065
;4080786
;4075198
;4081339
;4075571
;4081248
;4304218
;4068054
;4071834
;4071310
;4066532
;4072013
;4066656
;4534021
;4237994
;4077059
;4082324
;4082416
;4077233
;4081578
;4079550
;4302906
;4247764
;4077824
;4154826
;4084471
;4079259
;4065150
;4077417
;4081491
;4384828
;4069020
;4160231
;4171892
;4078142
;4153000
;4079565
;4154715
;4406960
;4078940
;4086304
;4066034
;4079089
;4084359
;4076023
;4082122
;4472001
;4077159
;4083387
;4078160
;4082203
;4187016
;4078675
;4083509
;4309103
;4078458
;4083679
;4078894
;4065966
;4081806
;4077986
;4083266
;4305590
;4078217
;4083988
;4062952
;4082126
;4066632
;4075915
;4066601
;4375760
;4080661
;4166519
;4077103
;4081629
;4080610
;4076845
;4080774
;4301247
;4085997
;4083055
;4077887
;4080048
;4080707
;4078286
;4082430
;4295167
;4074061
;4074367
;4068765
;4072454
;4073148
;4069850
;4071836
;4292681
;4157600
;4170922
;4078359
;4084707
;4079591
;4084128
;4082857
;4369047
;4115387
;4067210
;4077662
;4067541
;4078367
;4082827
;4082921
;4301826
;4085353
;4066877
;4076460
;4066069
;4062918
;4083837
;4082325
;4302908
;4086536
;4079503
;4084029
;4082624
;4079916
;4083620
;4083803
;4144547
;4388368
;4063832
;4153762
;4082936
;4076533
;4084293
;4083365
;4147619
;4337167
;4079211
;4085105
;4082359
;4075679
;4081976
;4083614
;4272935
;4107668
;4067745
;4070344
;4071372
;4068247
;4056473
;4067524
;4279364
;4114984
;4080104
;4082723
;4105672
;4079063
;4083803
;4077525
;4082289
;4379570
;4077930
;4151990
;4081228
;4077321
;4079991
;4077468
;4080116
;4296886
;4066172
;4072152
;4067174
;4072828
;4071579
;4067723
;4073944
;4305963
;4077377
;4082458
;4076431
;4082134
;4081689
;4079561
;4082189
;4404063
;4078211
;4149180
;4080630
;4083071
;4085114
;4079553
;4084331
;4386396
;4079177
;4085495
;4078344
;4081616
;4082463
;4062367
;4081741
;4299706
;4246219
;4083472
;4077132
;4083353
;4082475
;4077292
;4083033
;4313215
;4167635
;4169282
;4079270
;4148302
;4081088
;4077162
;4066369
;4301064
;4160397
;4067816
;4078290
;4070009
;4084758
;4077361
;4066888
;4455695
;4155464
;4065249
;4061236
;4079604
;4078731
;4082278
;4083286
;4305833
;4098601
;4086133
;4077474
;4065530
;4076861
;4083082
;4080067
;4372156
;4084082
;4082760
;4078021
;4067374
;4078341
;4082422
;4081893
;4078938
;4381991
;4130556
;4077743
;4086886
;4063889
;4082871
;4083785
;4116086
;4346781
;4078029
;4084284
;4081792
;4077839
;4082077
;4081720
;4217348
;4226368
;4067787
;4074909
;4072202
;4068455
;4073659
;4073832
;4307338
;4085214
;4077414
;4082504
;4081535
;4078122
;4083436
;4077673
;4081966
;4396346
;4078645
;4153256
;4083088
;4078713
;4084908
;4079100
;4065501
;4309210
;4080035
;4083483
;4082900
;4078693
;4084239
;4078760
;4082223
;4384404
;4079260
;4083659
;4083955
;4291233
;4156300
;4150268
;4480850
;4329193
;4081098
;4155574
;4082539
;4079050
;4082287
;4077652
;4240737
;4320873
;4068431
;4073279
;4056109
;4067947
;4074572
;4068280
;4071775
;4301900
;4078149
;4101040
;4083047
;4077250
;4080385
;4077165
;4080132
;4387475
;4093852
;4087462
;4078909
;4082104
;4083908
;4078274
;4082355
;4374541
;4078014
;4084126
;4079430
;4064888
;4083620
;4078818
;4085341
;4374221
;4077746
;4082571
;4076318
;4081728
;4066816
;4077375
;4080692
;4305443
;4078045
;4080645
;4077174
;4081991
;4082127
;4078249
;4081883
;4370648
;4153770
;4166907
;4079154
;4084621
;4083870
;4077802
;4082849
;4304137
;4160116
;4065490
;4079991
;4083219
;4085205
;4079555
;4083015
;4303020
;4084817
;4084145
;4078729
;4082286
;4078355
;4083602
;4083868
;4305319
;4084219
;4080622
;4076120
;4082080
;4078298
;4081141
;4081409
;4299362
;4173082
;4067088
;4078593
;4081667
;4077144
;4082458
;4086600
;4078886
;4300918
;4149822
;4068344
;4074881
;4068559
;4071771
;4074968
;4065904
;4287327
;4077977
;4082775
;4089740
;4078484
;4083713
;4082865
;4077533
;4402980
;4078618
;4082292
;4082946
;4079404
;4084154
;4078177
;4083019
;4378393
;4085056
;4170092
;4157705
;4078515
;4135884
;4078684
;4319035
;4279519
;4078723
;4085888
;4358875
;4078966
;4174183
;4169730
;4080043
;4393791
;4078707
;4157667
;4159456
;4077705
;4158417
;4162940
;4077134
;4400597
;4078724
;4163248
;4083015
;4078905
;4081959
;4081725
;4077653
;4303671
;4080900
;4084161
;4081272
;4077782
;4083345
;4079693
;4129855
;4310192
;4078681
;4083588
;4082074
;4078539
;4082170
;4077229
;4083272
;4429435
;4078304
;4083264
;4083325
;4078347
;4066565
;4078211
;4081892
;4376862
;4080232
;4083924
;4084947
;4078620
;4082776
;4077266
;4084474
;4372855
;4078683
;4083620
;4079104
;4082336
;4082206
;4079088
;4084772
;4398585
;4077863
;4082414
;4077612
;4081881
;4158492
;4069281
;4163623
;4383777
;4079612
;4083987
;4078189
;4066666
;4082108
;4078242
;4082593
;4370879
;4078124
;4081557
;4077519
;4081844
;4081616
;4076381
;4082262
;4359030
;4117731
;4142635
;4077008
;4065338
;4085444
;4078006
;4084021
;4301999
;4172446
;4073233
;4069648
;4074189
;4072858
;4070601
;4073171
;4284310
;4086629
;4083292
;4079908
;4087144
;4079844
;4083064
;4085444
;4306226
;4068208
;4068629
;4080079
;4084564
;4117116
;4177309
;4290225
;4375517
;4178044
;4160986
;4081027
;4154685
;4128469
;4120906
;4085464
;4151170
;4386390
;4083700
;4080636
;4084718
;4079630
;4099424
;4084766
;4261620
;4220995
;4085936
;4079276
;4083740
;4080175
;4086394
;4083486
;4307303
;4155173
;4085203
;4077915
;4067551
;4079191
;4082725
;4084247
;4300364
;4154891
;4169398
;4068057
;4060380
;4068633
;4058971
;4463208
;4458985
;4109684
;4074940
;4068795
;4073727
;4068539
;4058290
;4059216
;4511111
;4178771
;4083698
;4077713
;4083293
;4078261
;4085384
;4068197
;4078118
;4385032
;4156213
;4079015
;4066676
;4062176
;4066921
;4084371
;4062753
;4470895
;4374343
;4079262
;4083709
;4076913
;4083653
;4066301
;4061267
;4360334
;4078747
;4083167
;4084183
;4079464
;4064263
;4289976
;4115067
;4323296
;4077426
;4066944
;4085450
;4078511
;4081557
;4080229
;4146967
;4277115
;4149911
;4084457
;4069059
;4077838
;4067065
;4065620
;4080120
;4318089
;4079011
;4083290
;4084572
;4064400
;4068838
;4078580
;4081535
;4446617
;4080262
;4065917
;4064979
;4078857
;4082236
;4078871
;4083422
;4378659
;4078788
;4084422
;4068127
;4063569
;4086750
;4077106
;4081815
;4373830
;4077691
;4083434
;4078151
;4082148
;4081575
;4076258
;4082137
;4376859
;4076808
;4066060
;4061474
;4081624
;4082119
;4076802
;4065994
;4382758
;4410616
;4248538
;4077076
;4082865
;4066326
;4077662
;4083967
;4377876
;4078557
;4082699
;4062350
;4064838
;4082329
;4077764
;4081395
;4378191
;4059739
;4082378
;4076628
;4066607
;4066006
;4060275
;4081612
;4526652
;4069278
;4267763
;4077646
;4083297
;4083706
;4356810
;4083347
;4304099
;4077268
;4083011
;4077936
;4083405
;4067866
;4078041
;4084422
;4286304
;4181878
;4298582
;4077490
;4082622
;4067087
;4078796
;4082695
;4462391
;4079246
;4084983
;4062591
;4081615
;4065729
;4078606
;4080394
;4365683
;4162887
;4087940
;4060258
;4069419
;4084066
;4079750
;4083448
;4365079
;4059725
;4538900
;4077857
;4158494
;4105306
;4078988
;4084588
;4377247
;4153243
;4082387
;4078175
;4360245
;4175584
;4078657
;4082745
;4459664
;4079430
;4083430
;4079039
;4082286
;4082444
;4078695
;4082624
;4282677
;4122323
;4140445
;4079975
;4297485
;4151790
;4078148
;4150111
;4368752
;4077271
;4081946
;4077917
;4067458
;4082347
;4061771
;4066319
;4370890
;4084347
;4084780
;4079414
;4067475
;4068600
;4078294
;4067396
;4369892
;4083298
;4081067
;4078268
;4074966
;4080412
;4082450
;4080689
;4287239
;4158273
;4345799
;4052077
;4126609
;4063261
;4169811
;4083523
;4078671
;4385362
;4152201
;4051929
;4056103
;4067164
;4072777
;4073091
;4067863
;4363968
;4082655
;4060862
;4292995
;4061574
;4069014
;4081768
;4060790
;4428651
;4065002
;4397725
;4148658
;4078010
;4171797
;4139949
;4330242
;4185876
;4068347
;4063038
;4066771
;4062360
;4135052
;4165254
;4369325
;4088135
;4082588
;4077112
;4084341
;4076924
;4067172
;4081885
;4366015
;4075410
;4070421
;4051983
;4056666
;4066856
;4058613
;4057143
;4070221
;4292707
;4053471
;4144207
;4168744
;4078686
;4081995
;4081697
;4077966
;4447956
;4078107
;4155247
;4155453
;4277690
;4141443
;4566789
;4195482
;4368235
;4083736
;4062352
;4082926
;4076043
;4082815
;4315903
;4282713
;4214975
;4148470
;4307770
;4178017
;4060828
;4154866
;4167003
;4421242
;4152800
;4058405
;4067556
;4071767
;4067593
;4056388
;4070703
;4360788
;4175629
;4298993
;4077193
;4171924
;4062378
;4069924
;4081365
;4061684
;4318826
;4152114
;4059704
;4149933
;4068196
;4165126
;4135904
;4076017
;4394133
;4152136
;4078217
;4162792
;4076247
;4152931
;4154747
;4170410
;4364859
;4151549
;4078120
;4153075
;4061756
;4067866
;4067901
;4293118
;4229524
;4059686
;4051620
;4057696
;4051716
;4055980
;4071403
;4302985
;4160859
;4065437
;4079181
;4066202
;4079000
;4084173
;4084867
;4079426
;4305520
;4096139
;4124295
;4134495
;4078557
;4147105
;4082126
;4078375
;4377108
;4067470
;4070063
;4055668
;4053849
;4056081
;4072257
;4067694
;4372473
;4077136
;4083837
;4081209
;4060833
;4066697
;4061505
;4095234
;4379041
;4077782
;4082035
;4083752
;4078515
;4064832
;4079091
;4064689
;4447588
;4079012
;4150054
;4080015
;4061655
;4065528
;4076241
;4065231
;4445205
;4077547
;4082971
;4067812
;4064220
;4084426
;4079313
;4066848
;4316801
;4078164
;4361091
;4065020
;4078369
;4080124
;4075964
;4067588
;4406881
;4079913
;4179258
;4082997
;4078009
;4083756
;4078790
;4082766
;4392042
;4079015
;4082956
;4078877
;4067374
;4081624
;4077231
;4063988
;4390884
;4077389
;4084683
;4060619
;4064998
;4083130
;4076334
;4092135
;4395176
;4078503
;4084738
;4079388
;4082507
;4081584
;4079648
;4082894
;4079041
;4384397
;4150467
;4061281
;4064820
;4080636
;4077840
;4080402
;4144696
;4249139
;4150228
;4077902
;4169401
;4134582
;4078857
;4084086
;4341099
;4128760
;4067106
;4062116
;4064678
;4085250
;4079401
;4083598
;4268830
;4124744
;4082764
;4061623
;4082373
;4062741
;4065139
;4083078
;4270283
;4272850
;4148605
;4062585
;4065822
;4077167
;4116875
;4083576
;4386076
;4148998
;4068528
;4079371
;4068998
;4078284
;4082869
;4084112
;4076916
;4272659
;4085022
;4079173
;4085268
;4062140
;4067726
;4083303
;4077966
;4322098
;4079102
;4555813
;4081881
;4060007
;4066239
;4064486
;4076449
;4414621
;4122160
;4091109
;4083219
;4076442
;4080550
;4080658
;4077189
;4388645
;4079392
;4084539
;4083173
;4077203
;4065066
;4082796
;4078418
;4374193
;4076616
;4085019
;4081412
;4075413
;4065909
;4082681
;4076361
;4473771
;4076253
;4155493
;4082851
;4060639
;4081201
;4077065
;4082102
;4329901
;4079051
;4150318
;4146018
;4067122
;4072575
;4068269
;4056463
;4380973
;4077338
;4081173
;4082280
;4077519
;4067202
;4060315
;4082560
;4453019
;4077507
;4154132
;4166698
;4076365
;4164952
;4077845
;4153606
;4469212
;4077749
;4166735
;4167537
;4078363
;4166956
;4326162
;4334567
;4358617
;4191024
;4166209
;4523235
;4062192
;4175924
;4083531
;4129657
;4581884
;4083669
;4077786
;4107297
;4077956
;4083665
;4085866
;4078213
;4405508
;4077083
;4083922
;4081322
;4077632
;4064562
;4081155
;4078739
;4302463
;4078628
;4370592
;4154233
;4080059
;4084298
;4082513
;4078132
;4310338
;4079225
;4159170
;4167080
;4079770
;4084606
;4082543
;4532226
;4459823
;4082661
;4078638
;4065573
;4075727
;4066178
;4080966
;4076562
;4390054
;4077664
;4081189
;4082183
;4076508
;4064174
;4081669
;4077010
;4318320
;4078096
;4082780
;4082446
;4078491
;4083304
;4079816
;4081199
;4328165
;4079259
;4389667
;4153156
;4077895
;4161893
;4153210
;4078873
;4314660
;4081037
;4440680
;4155357
;4077968
;4066557
;4081444
;4076838
;4378641
;4080549
;4082691
;4081977
;4078186
;4082519
;4078745
;4064603
;4314492
;4076474
;4081517
;4081434
;4077549
;4080963
;4078762
;4080415
;4318089
;4059863
;4151475
;4151367
;4077979
;4086213
;4077622
;4082776
;4307077
;4076339
;4168650
;4153525
;4078041
;4081731
;4077341
;4064434
;4311876
;4060540
;4081703
;4078608
;4083618
;4082955
;4077626
;4082604
;4313538
;4060939
;4143346
;4273907
;4149893
;4083414
;4076357
;4066834
;4529371
;4067275
;4163720
;4130275
;4117086
;4081021
;4076008
;4080333
;4332041
;4078636
;4085345
;4077237
;4065684
;4080558
;4076457
;4082384
;4313547
;4061484
;4082725
;4077837
;4083108
;4081155
;4076800
;4081697
;4374875
;4077514
;4147976
;4079225
;4082073
;4082179
;4077827
;4063771
;4375679
;4154640
;4065559
;4079662
;4082600
;4082446
;4080094
;4085588
;4079363
;4311263
;4152830
;4063129
;4150828
;4084752
;4077738
;4083703
;4077351
;4309967
;4162094
;4062223
;4083338
;4079393
;4083434
;4084110
;4078887
;4390279
;4155906
;4075999
;4150346
;4078456
;4148111
;4361490
;4328061
;4184978
;4154727
;4060793
;4142725
;4140912
;4061101
;4137457
;4418324
;4149543
;4065676
;4076792
;4081430
;4081877
;4076146
;4082294
;4077199
;4311167
;4165069
;4124970
;4152873
;4076800
;4080846
;4083064
;4076558
;4319147
;4169214
;4328144
;4160972
;4156585
;4147465
;4183182
;4281296
;4209353
;4160061
;4060510
;4141167
;4156212
;4078871
;4153090
;4278296
;4179706
;4137109
;4052339
;4149062
;4169962
;4079007
;4173588
;4431475
;4172967
;4151206
;4078632
;4206384
;4158466
;4059743
;4136693
;4059923
;4326808
;4161452
;4060854
;4140417
;4082422
;4077858
;4066691
;4079703
;4316601
;4085837
;4077435
;4082612
;4081665
;4077923
;4067365
;4077562
;4320443
;4175618
;4077140
;4083592
;4076966
;4085847
;4083234
;4184688
;4211690
;4057955
;4067570
;4071482
;4052234
;4057344
;4072618
;4068828
;4290495
;4085207
;4077157
;4083424
;4077165
;4082966
;4466979
;4127205
;4416477
;4167598
;4078010
;4165064
;4078387
;4168801
;4152077
;4415166
;4323177
;4073454
;4067785
;4073784
;4053363
;4072905
;4072768
;4068747
;4294096
;4152763
;4078830
;4082044
;4078385
;4083039
;4082181
;4077157
;4349173
;4085092
;4077531
;4355101
;4067147
;4148517
;4107411
;4079661
;4255669
;4079261
;4083521
;4083659
;4077842
;4084293
;4083365
;4080286
;4311858
;4067798
;4071563
;4071875
;4068623
;4072909
;4056084
;4067984
;4318087
;4077460
;4082628
;4082407
;4077114
;4081861
;4077539
;4082691
;4323031
;4078632
;4153132
;4075179
;4068696
;4074699
;4068812
;4072931
;4320083
;4080729
;4150474
;4083197
;4077555
;4065287
;4078642
;4066213
;4243930
;4069134
;4073498
;4069006
;4058319
;4071816
;4066245
;4073496
;4318247
;4078045
;4083131
;4076869
;4066022
;4085341
;4078430
;4082756
;4078085
;4291993
;4143818
;4078029
;4084624
;4082952
;4077474
;4066620
;4076617
;4317731
;4179908
;4080515
;4065924
;4080723
;4078302
;4084453
;4077897
;4300388
;4073769
;4067812
;4154708
;4067508
;4077939
;4082110
;4076505
;4254861
;4081972
;4078586
;4083471
;4077511
;4081557
;4083527
;4078428
;4324980
;4083094
;4078537
;4274544
;4077567
;4082402
;4081865
;4077296
;4310136
;4151275
;4069879
;4072842
;4067245
;4068972
;4072709
;4067684
;4379195
;4141576
;4105674
;4147504
;4078383
;4081919
;4067101
;4077498
;4317757
;4169489
;4147886
;4153660
;4079565
;4083823
;4083209
;4077545
;4403785
;4076753
;4082689
;4082027
;4077326
;4081214
;4152911
;4077804
;4311016
;4070033
;4143668
;4071713
;4067562
;4055892
;4073545
;4067553
;4583564
;4062822
;4154581
;4080592
;4076566
;4083445
;4080905
;4077808
;4249612
;4079813
;4167600
;4081714
;4078911
;4082665
;4077381
;4069190
;4251150
;4068500
;4072336
;4072275
;4065447
;4071812
;4068166
;4072747
;4529182
;4067836
;4073065
;4071855
;4068520
;4070923
;4066360
;4070529
;4212744
;4114844
;4170789
;4142437
;4472397
;4295797
;4077671
;4155988
;4399554
;4079147
;4155081
;4147464
;4078746
;4146392
;4078450
;4167379
;4319644
;4078946
;4177145
;4355529
;4068194
;4134366
;4080685
;4083886
;4316589
;4080029
;4083399
;4083566
;4076517
;4083480
;4078883
;4082545
;4525371
;4078464
;4165606
;4083671
;4080179
;4066530
;4079560
;4065725
;4247685
;4078883
;4169376
;4085964
;4080677
;4083610
;4078335
;4083879
;4247390
;4069221
;4075508
;4067593
;4057024
;4072731
;4067553
;4072012
;4236980
;4068186
;4151705
;4077740
;4082936
;4083294
;4078541
;4081039
;4339993
;4077873
;4084426
;4079579
;4066282
;4082930
;4078726
;4083515
;4078336
;4250416
;4087447
;4077788
;4066534
;4083155
;4078709
;4081790
;4078679
;4311512
;4153065
;4078193
;4083900
;4077185
;4081850
;4665448
;4077849
;4400994
;4152376
;4079274
;4065969
;4082323
;4078308
;4081731
;4431398
;4133058
;4071563
;4066148
;4074591
;4071522
;4066603
;4070255
;4068198
;4307559
;4176930
;4079399
;4082384
;4077994
;4084460
;4081525
;4077096
;4314419
;4087070
;4078889
;4288031
;4119969
;4120156
;4072342
;4068589
;4376643
;4164065
;4066569
;4057089
;4068603
;4072266
;4070717
;4067267
;4225732
;4146929
;4061807
;4148079
;4079077
;4167155
;4171147
;4079053
;4458096
;4168809
;4130843
;4173431
;4077292
;4233107
;4154499
;4067952
;4385434
;4178309
;4080590
;4170027
;4077956
;4161383
;4163772
;4079420
;4324772
;4164800
;4077735
;4151008
;4078276
;4081063
;4392930
;4078385
;4391036
;4151314
;4079341
;4153935
;4078385
;4127272
;4146990
;4076217
;4260042
;4160964
;4078668
;4146035
;4079029
;4147943
;4148897
;4292790
;4373758
;4154982
;4079181
;4159938
;4141652
;4078047
;4361266
;4067642
;4372654
;4151014
;4067530
;4143206
;4156822
;4079134
;4178416
;4076360
;4324873
;4157035
;4069914
;4162000
;4163057
;4079815
;4153235
;4079037
;4252204
;4157985
;4077572
;4170800
;4150346
;4077776
;4149988
;4132541
;4382222
;4152182
;4052517
;4266437
;4084748
;4061619
;4083021
;4078114
;4296015
;4153164
;4059686
;4166596
;4066625
;4077827
;4082443
;4076533
;4233087
;4155549
;4061611
;4066184
;4060884
;4065192
;4082675
;4076553
;4310041
;4152456
;4062773
;4133497
;4077023
;4083618
;4140967
;4076618
;4327663
;4065539
;4059318
;4081567
;4077268
;4065915
;4082687
;4078181
;4295092
;4079239
;4167774
;4065521
;4077811
;4081780
;4065055
;4079292
;4310916
;4078408
;4083106
;4067111
;4079513
;4084405
;4065951
;4063273
;4295750
;4079087
;4166746
;4067624
;4078503
;4082278
;4077796
;4066259
;4316448
;4079290
;4080757
;4066302
;4059653
;4082600
;4079130
;4065269
;4381888
;4076569
;4081077
;4081436
;4077272
;4082007
;4078124
;4085803
;4135781
;4239976
;4168822
;4061142
;4066998
;4065706
;4078391
;4083298
;4190648
;4203936
;4086621
;4059297
;4065184
;4082412
;4075755
;4065780
;4324128
;4210439
;4157869
;4063078
;4266085
;4169875
;4067858
;4071772
;4309555
;4079305
;4149195
;4077358
;4081720
;4068251
;4059131
;4064678
;4078053
;4309279
;4148779
;4062655
;4082782
;4065814
;4078116
;4067618
;4063123
;4300736
;4085046
;4077628
;4081114
;4065205
;4077479
;4065255
;4076140
;4244843
;4073418
;4068148
;4072597
;4068638
;4072729
;4093672
;4067585
;4306862
;4154806
;4060927
;4139218
;4059917
;4064807
;4082770
;4078998
;4310553
;4152385
;4077537
;4082853
;4076203
;4083474
;4065366
;4076709
;4292376
;4079493
;4084201
;4065227
;4078432
;4066650
;4084055
;4078110
;4315907
;4080320
;4153582
;4066648
;4077331
;4080859
;4523419
;4144583
;4398192
;4080713
;4164223
;4176604
;4078761
;4182053
;4173787
;4078848
;4401221
;4161253
;4061802
;4148421
;4061051
;4084260
;4081556
;4075549
;4306973
;4068101
;4103358
;4143495
;4062325
;4067294
;4083677
;4078707
;4311809
;4078033
;4085790
;4065951
;4332549
;4163446
;4084442
;4060435
;4322213
;4079495
;4154719
;4064629
;4076609
;4080962
;4082496
;4061714
;4372195
;4079411
;4144607
;4058874
;4067622
;4432980
;4082266
;4076826
;4247914
;4079120
;4150726
;4152634
;4079279
;4084752
;4079164
;4084151
;4332578
;4081335
;4177277
;4154527
;4077784
;4083096
;4076529
;4083205
;4311726
;4077822
;4085190
;4082768
;4079262
;4181376
;4080067
;4155701
;4309507
;4068160
;4144159
;4157268
;4067662
;4060038
;4068999
;4072370
;4259021
;4382266
;4259831
;4160152
;4061510
;4149085
;4077367
;4152854
;4222976
;4249127
;4154300
;4150403
;4080497
;4085165
;4078571
;4081764
;4223117
;4188188
;4084805
;4083128
;4078357
;4065530
;4077559
;4065241
;4552054
;4078454
;4084031
;4149281
;4079278
;4341951
;4077298
;4082587
;4313628
;4077984
;4149047
;4071563
;4068473
;4056463
;4067591
;4057443
;4307449
;4076935
;4157185
;4169266
;4288521
;4146761
;4067747
;4142571
;4361013
;4069223
;4072810
;4070999
;4066312
;4056176
;4067955
;4059008
;4071037
;4302697
;4153144
;4077838
;4067776
;4081628
;4060867
;4080782
;4081707
;4308961
;4149392
;4078531
;4083139
;4083531
;4077616
;4065772
;4122189
;4294629
;4168521
;4061556
;4068619
;4067472
;4078356
;4067604
;4144735
;4258471
;4150024
;4078153
;4132379
;4083175
;4079671
;4147838
;4065858
;4373070
;4154126
;4061634
;4129784
;4141752
;4067699
;4073259
;4068354
;4311616
;4084904
;4078154
;4081576
;4083015
;4061239
;4081051
;4077353
;4314124
;4085411
;4061030
;4083005
;4078679
;4083418
;4084467
;4079196
;4319723
;4085709
;4060891
;4065286
;4077922
;4083102
;4082261
;4078938
;4243958
;4162077
;4060532
;4160013
;4067788
;4071422
;4055522
;4052894
;4306008
;4078598
;4085151
;4081400
;4077563
;4066073
;4084503
;4076701
;4245464
;4076302
;4083784
;4082901
;4268043
;4174561
;4153565
;4077522
;4314328
;4078764
;4155870
;4065506
;4061636
;4082454
;4083465
;4077659
;4316259
;4067207
;4166491
;4067216
;4062992
;4067012
;4061989
;4081738
;4083048
;4310140
;4082842
;4082262
;4077353
;4083604
;4075308
;4065398
;4083867
;4308931
;4171928
;4066375
;4063695
;4068692
;4077356
;4131914
;4154103
;4241403
;4084442
;4061488
;4066492
;4082847
;4077467
;4081198
;4151229
;4253940
;4084809
;4061034
;4065006
;4067701
;4061170
;4064799
;4187649
;4230312
;4166047
;4078958
;4158045
;4064946
;4078597
;4082253
;4079389
;4311895
;4155928
;4062630
;4066528
;4082770
;4143315
;4685383
;4242003
;4172501
;4158794
;4060680
;4149768
;4159330
;4067951
;4141190
;4377069
;4108953
;4154567
;4062245
;4146844
;4165865
;4079911
;4147877
;4159517
;4236106
;4166361
;4062601
;4176579
;4082916
;4076233
;4083124
;4159942
;4222661
;4171538
;4059376
;4082019
;4362881
;4078122
;4083247
;4142642
;4299417
;4188034
;4061903
;4066571
;4081640
;4060668
;4064139
;4116798
;4274314
;4164778
;4053212
;4057985
;4072188
;4068512
;4072251
;4069806
;4220821
;4455246
;4061336
;4131528
;4081100
;4062206
;4066221
;4061338
;4223392
;4169347
;4052959
;4057311
;4072172
;4066680
;4072417
;4066636
;4234178
;4170174
;4061421
;4149797
;4080021
;4362465
;4084552
;4078952
;4243922
;4084616
;4062354
;4067303
;4077547
;4070253
;4085586
;4063164
;4243023
;4159519
;4063036
;4067915
;4077146
;4084548
;4083604
;4078847
;4265387
;4078996
;4175281
;4068596
;4079175
;4065034
;4082375
;4076697
;4238925
;4078467
;4083606
;4081897
;4061520
;4067178
;4082149
;4077649
;4224409
;4081003
;4086426
;4149623
;4079060
;4087015
;4078041
;4084019
;4082181
;4236198
;4181330
;4067453
;4061516
;4066150
;4079302
;4280044
;4217985
;4118323
;4085677
;4066396
;4119604
;4250888
;4077842
;4081764
;4224582
;4077652
;4081851
;4067451
;4061558
;4066504
;4076579
;4065569
;4372210
;4078255
;4084768
;4059658
;4068050
;4065470
;4060698
;4064467
;4084058
;4240733
;4085113
;4061501
;4081629
;4082244
;4076039
;4082025
;4077548
;4239053
;4084887
;4061139
;4082847
;4081534
;4078041
;4081225
;4078879
;4227350
;4084211
;4062050
;4081888
;4075524
;4084122
;4065649
;4076900
;4381209
;4157486
;4060228
;4066022
;4060625
;4084827
;4083013
;4060400
;4225012
;4152630
;4052714
;4132216
;4077472
;4082183
;4082065
;4077389
;4406525
;4155725
;4060360
;4082786
;4060465
;4066312
;4098464
;4079387
;4374322
;4077442
;4083240
;4081612
;4077371
;4081552
;4081722
;4076516
;4428453
;4076626
;4084365
;4082762
;4061846
;4081990
;4082648
;4077760
;4330004
;4358152
;4159014
;4083542
;4076652
;4081106
;4080683
;4076665
;4388431
;4079073
;4086862
;4065972
;4283362
;4083584
;4066427
;4076760
;4357696
;4061482
;4084758
;4065960
;4077711
;4064888
;4077219
;4084620
;4368996
;4068008
;4166412
;4135275
;4077157
;4155646
;4078438
;4081746
;4357016
;4077400
;4084272
;4065739
;4077233
;4664420
;4154491
;4077716
;4398074
;4077901
;4158859
;4066822
;4061453
;4075717
;4143874
;4081903
;4151660
;4317678
;4143881
;4165639
;4079043
;4084173
;4060405
;4066447
;4354546
;4112421
;4074594
;4056374
;4070267
;4059192
;4053327
;4057807
;4260434
;4401073
;4154718
;4066176
;4078059
;4084209
;4062314
;4064840
;4374497
;4080080
;4158622
;4066987
;4060984
;4082215
;4254695
;4363267
;4364313
;4078035
;4175390
;4181348
;4079707
;4374598
;4629220
;4069458
;4382032
;4078009
;4151668
;4195594
;4078394
;4082164
;4065249
;4267674
;4368751
;4061467
;4092291
;4085123
;4061115
;4085032
;4083762
;4078393
;4191281
;4140372
;4161041
;4135298
;4283569
;4171139
;4068155
;4077509
;4296074
;4079920
;4087643
;4065793
;4078936
;4082584
;4083610
;4078618
;4220003
;4075008
;4084432
;4083418
;4061913
;4067039
;4078049
;4081940
;4229516
;4068992
;4073814
;4073600
;4068201
;4056920
;4068403
;4058331
;4072118
;4229482
;4152063
;4052903
;4057435
;4072839
;4068553
;4071583
;4156577
;4341234
;4075446
;4052511
;4056613
;4091134
;4068112
;4074978
;4053374
;4303044
;4086372
;4077124
;4082841
;4082760
;4061726
;4082968
;4079075
;4295870
;4069292
;4061834
;4082302
;4082187
;4078272
;4064942
;4078329
;4288128
;4177803
;4061905
;4065994
;4060885
;4065516
;4067071
;4063358
;4228380
;4085116
;4077768
;4082203
;4061260
;4063976
;4082776
;4060006
;4289304
;4086230
;4079057
;4066263
;4080492
;4065348
;4084078
;4077161
;4290881
;4077873
;4084391
;4065402
;4060720
;4066201
;4066082
;4077082
;4134687
;4219904
;4167345
;4066164
;4343165
;4143364
;4072676
;4052513
;4353413
;4180910
;4075687
;4056420
;4068221
;4072688
;4068561
;4073498
;4352332
;4107132
;4086062
;4065241
;4061230
;4065140
;4078981
;4067258
;4320051
;4080216
;4085061
;4083118
;4060121
;4066328
;4078213
;4066105
;4384475
;4079766
;4085588
;4067281
;4060663
;4064773
;4078624
;4077924
;4150666
;4220404
;4085272
;4078553
;4065998
;4080731
;4060291
;4066716
;4080408
;4304522
;4084549
;4078922
;4083531
;4083239
;4062192
;4065607
;4078079
;4308291
;4162000
;4053001
;4056022
;4057321
;4068016
;4073093
;4068775
;4364513
;4156454
;4060401
;4081470
;4083161
;4079250
;4356261
;4080166
;4374349
;4302404
;4060490
;4147305
;4147706
;4078324
;4082147
;4077151
;4313835
;4152808
;4059906
;4064873
;4064354
;4062265
;4064941
;4077772
;4293776
;4155324
;4053953
;4059081
;4051949
;4057521
;4055905
;4064737
;4389807
;4149061
;4052953
;4057818
;4262485
;4177852
;4170173
;4078644
;4403713
;4177722
;4061007
;4170230
;4054216
;4139259
;4146990
;4078242
;4377298
;4135967
;4062708
;4135643
;4053396
;4154401
;4140572
;4078389
;4397824
;4158887
;4062334
;4083499
;4078458
;4083208
;4084940
;4078043
;4302123
;4084197
;4061692
;4081658
;4077284
;4066967
;4083078
;4078276
;4265502
;4183656
;4069044
;4058287
;4067800
;4057846
;4072004
;4067544
;4287124
;4078258
;4084108
;4082894
;4077120
;4066731
;4083031
;4076151
;4306200
;4078853
;4084440
;4065775
;4077073
;4066723
;4061348
;4064809
;4375076
;4077458
;4083588
;4066506
;4078797
;4083954
;4324727
;4422683
;4455659
;4067883
;4152042
;4134612
;4078136
;4081424
;4081953
;4078094
;4523190
;4075646
;4083934
;4064538
;4063020
;4065233
;4077548
;4065690
;4082104
;4375863
;4083080
;4067474
;4060967
;4065208
;4078545
;4066518
;4104384
;4370938
;4086778
;4082387
;4077721
;4357377
;4079785
;4082363
;4082977
;4367106
;4083485
;4066662
;4077501
;4065226
;4077383
;4064061
;4081298
;4652935
;4157211
;4131106
;4078441
;4081629
;4077679
;4081834
;4440992
;4078750
;4087503
;4066251
;4078276
;4064686
;4077490
;4064338
;4083094
;4368150
;4087813
;4061138
;4082598
;4083044
;4060455
;4066688
;4083686
;4321116
;4084086
;4060609
;4065773
;4082404
;4078230
;4065702
;4083713
;4367142
;4083042
;4077488
;4083539
;4065935
;4078385
;4129509
;4067470
;4438897
;4084299
;4077660
;4081655
;4081711
;4353522
;4177936
;4142733
;4367636
;4168076
;4077335
;4082551
;4082626
;4078755
;4067614
;4077626
;4365330
;4157341
;4382662
;4073121
;4072897
;4067058
;4057372
;4067978
;4366737
;4084592
;4076509
;4065498
;4082625
;4076974
;4083942
;4077495
;4373504
;4152923
;4078642
;4132262
;4140364
;4053255
;4071655
;4067071
;4352075
;4457470
;4171553
;4152237
;4286903
;4066880
;4113478
;4074440
;4429429
;4089026
;4079339
;4083452
;4083499
;4079916
;4082405
;4076936
;4352809
;4176278
;4077513
;4064858
;4084980
;4077563
;4082044
;4077215
;4347461
;4076241
;4066766
;4056487
;4070219
;4272433
;4071782
;4067846
;4360124
;4073848
;4067377
;4071251
;4072185
;4067862
;4057488
;4068364
;4366699
;4157199
;4079987
;4066824
;4075994
;4114871
;4169271
;4077794
;4350885
;4074298
;4068547
;4059650
;4068403
;4074788
;4072083
;4066502
;4310169
;4084220
;4078476
;4081088
;4076741
;4065107
;4082906
;4077102
;4459082
;4085859
;4078219
;4084701
;4078428
;4083444
;4083094
;4077017
;4068267
;4480512
;4186923
;4083150
;4078353
;4065965
;4082314
;4076472
;4138560
;4302969
;4155316
;4067589
;4077474
;4064818
;4082531
;4077741
;4258706
;4196822
;4085636
;4067188
;4078792
;4066654
;4083576
;4061188
;4337341
;4109261
;4085491
;4067053
;4077913
;4274268
;4083747
;4062682
;4310862
;4079272
;4153182
;4068773
;4079015
;4082250
;4078140
;4084398
;4084576
;4367924
;4086434
;4083754
;4078488
;4064856
;4077784
;4084167
;4083244
;4428991
;4085035
;4070099
;4060563
;4080796
;4075731
;4065656
;4082094
;4367739
;4132884
;4057925
;4067792
;4056641
;4067860
;4056805
;4071599
;4300637
;4163142
;4062636
;4064726
;4080960
;4077237
;4067237
;4081494
;4345554
;4162075
;4061978
;4065437
;4066411
;4060814
;4064792
;4412523
;4417774
;4158786
;4060301
;4151468
;4083421
;4077563
;4067186
;4083268
;4378985
;4159758
;4062338
;4067058
;4080116
;4078104
;4583922
;4165712
;4380192
;4086235
;4077843
;4083005
;4085333
;4060591
;4065556
;4084880
;4506453
;4068621
;4063324
;4067546
;4081349
;4077100
;4081268
;4083223
;4320021
;4157138
;4061954
;4065370
;4081543
;4077748
;4066265
;4076095
;4354097
;4143955
;4061301
;4064986
;4067105
;4276462
;4142036
;4052722
;4429866
;4224403
;4052865
;4133858
;4150583
;4078266
;4082568
;4078022
;4359009
;4084224
;4061270
;4066170
;4082592
;4077382
;4081225
;4077255
;4377847
;4166768
;4063550
;4066517
;4083483
;4077932
;4082501
;4089884
;4354400
;4073863
;4053880
;4071264
;4052619
;4056402
;4073814
;4067828
;4360255
;4085064
;4061708
;4065510
;4076057
;4065034
;4081810
;4076140
;4370320
;4152571
;4060141
;4066873
;4078537
;4085348
;4065595
;4061890
;4420607
;4158456
;4061300
;4067077
;4061893
;4065633
;4081069
;4078004
;4083390
;4361509
;4166770
;4137210
;4061863
;4150311
;4275453
;4061044
;4340957
;4249907
;4095484
;4154743
;4063483
;4068181
;4066651
;4062471
;4295958
;4077729
;4161859
;4083588
;4077966
;4081137
;4121813
;4076260
;4371418
;4077088
;4082894
;4065504
;4077409
;4080625
;4081440
;4076920
;4081583
;4378033
;4084276
;4083295
;4077807
;4206160
;4208388
;4109112
;4143556
;4361860
;4149052
;4074719
;4139117
;4161517
;4149316
;4061709
;4104139
;4339959
;4166794
;4068444
;4078616
;4082969
;4077656
;4066826
;4220285
;4237646
;4172860
;4085690
;4078326
;4083535
;4079835
;4082029
;4081234
;4366202
;4169728
;4066866
;4061271
;4084363
;4060690
;4078878
;4083187
;4366197
;4083404
;4082813
;4077182
;4080750
;4075638
;4080812
;4081599
;4362654
;4072646
;4056471
;4066548
;4071999
;4051866
;4056235
;4071779
;4362650
;4070326
;4076474
;4083533
;4083325
;4076454
;4081191
;4081339
;4366487
;4171283
;4079213
;4085477
;4083655
;4079557
;4066202
;4079818
;4434644
;4162640
;4062970
;4134536
;4083673
;4060354
;4179110
;4078986
;4375511
;4084912
;4076150
;4081347
;4081576
;4076424
;4081170
;4077535
;4372606
;4154349
;4078101
;4064608
;4085143
;4081092
;4083772
;4079005
;4430652
;4076363
;4067779
;4073452
;4073759
;4275267
;4072231
;4068340
;4401256
;4255902
;4080586
;4083175
;4085019
;4079156
;4085359
;4079512
;4434909
;4155047
;4080470
;4083487
;4083300
;4078470
;4084312
;4078243
;4370887
;4085804
;4079061
;4084117
;4082066
;4079991
;4084272
;4077302
;4393977
;4152223
;4354397
;4084965
;4084980
;4078505
;4085576
;4062101
;4353366
;4084634
;4078071
;4082491
;4077407
;4081290
;4081945
;4077057
;4189534
;4346081
;4079345
;4141708
;4068862
;4073472
;4072930
;4068567
;4348585
;4115673
;4075081
;4081294
;4076460
;4083181
;4084613
;4076857
;4375779
;4086332
;4078476
;4083208
;4077638
;4083371
;4284632
;4253586
;4296819
;4445639
;4077894
;4082599
;4078426
;4066998
;4082402
;4078764
;4444229
;4075668
;4066342
;4057483
;4065645
;4071219
;4071943
;4067581
;4071909
;4368784
;4077818
;4083349
;4077604
;4070254
;4083397
;4078163
;4080935
;4427151
;4281713
;4241818
;4078207
;4152409
;4291991
;4079985
;4376734
;4160588
;4077242
;4066583
;4349542
;4115944
;4167993
;4078010
;4372610
;4169699
;4080020
;4064494
;4078223
;4081323
;4083025
;4077249
;4081377
;4376509
;4077610
;4084208
;4077747
;4084360
;4082997
;4078006
;4082365
;4460047
;4078562
;4084158
;4077911
;4082142
;4136700
;4079411
;4239620
;4310882
;4078645
;4082421
;4077246
;4081454
;4082768
;4078164
;4191154
;4280688
;4084865
;4082300
;4076160
;4083303
;4081705
;4076154
;4286705
;4182445
;4087856
;4083529
;4079201
;4067008
;4083400
;4080128
;4081539
;4366012
;4158075
;4151917
;4078257
;4083072
;4079274
;4083319
;4081813
;4362806
;4319543
;4081484
;4077424
;4065644
;4077296
;4066832
;4082193
;4367677
;4086036
;4085351
;4079691
;4082697
;4078022
;4084118
;4086082
;4371666
;4156743
;4082054
;4077411
;4081535
;4077341
;4080981
;4080794
;4436520
;4084578
;4081820
;4078013
;4083442
;4286497
;4079812
;4082378
;4366065
;4158622
;4083191
;4077624
;4064846
;4077118
;4081098
;4080922
;4368276
;4084005
;4082327
;4078118
;4080750
;4077517
;4084088
;4080539
;4364211
;4084462
;4077096
;4082088
;4082507
;4078209
;4081340
;4081541
;4441654
;4087141
;4078107
;4084364
;4083608
;4078448
;4081958
;4081808
;4305477
;4084636
;4076168
;4081966
;4082675
;4076263
;4080791
;4076832
;4370060
;4149198
;4067810
;4058026
;4073567
;4066265
;4071831
;4067476
;4350858
;4084865
;4077790
;4082916
;4081699
;4078095
;4084386
;4079230
;4368455
;4072549
;4067735
;4072822
;4067488
;4072942
;4070569
;4067581
;4360203
;4073698
;4066887
;4072174
;4067000
;4071593
;4070729
;4066190
;4071551
;4454513
;4068318
;4074047
;4054321
;4070152
;4070243
;4067288
;4070627
;4379928
;4099044
;4085221
;4077946
;4083415
;4085292
;4077919
;4065751
;4368928
;4082552
;4080303
;4060485
;4065794
;4279187
;4067633
;4253716
;4190910
;4084412
;4082636
;4078989
;4082811
;4081893
;4078404
;4067609
;4369851
;4155021
;4057884
;4069358
;4071031
;4067405
;4071527
;4073211
;4362458
;4151421
;4057248
;4067915
;4073040
;4069583
;4073300
;4073464
;4363175
;4067377
;4082114
;4077831
;4081853
;4076423
;4081958
;4082185
;4317528
;4083786
;4080466
;4079472
;4082730
;4076958
;4064992
;4083072
;4359838
;4158383
;4052271
;4071281
;4074162
;4068282
;4072645
;4071642
;4340776
;4072897
;4067845
;4072906
;4071698
;4068714
;4056587
;4067979
;4365197
;4169805
;4060880
;4066075
;4081158
;4077219
;4698383
;4151666
;4390836
;4159171
;4062470
;4145485
;4158616
;4079418
;4164146
;4153051
;4308206
;4174993
;4078889
;4162207
;4152816
;4078166
;4169437
;4175271
;4348706
;4147738
;4060708
;4138446
;4153206
;4068998
;4072607
;4073078
;4426073
;4069674
;4077907
;4082742
;4083310
;4079136
;4287885
;4083474
;4369326
;4161388
;4062190
;4151061
;4085046
;4077585
;4081882
;4082788
;4367920
;4070025
;4078160
;4083555
;4082410
;4078946
;4080939
;4084685
;4254404
;4162160
;4060931
;4334887
;4072719
;4069053
;4072642
;4068083
;4366464
;4084677
;4078126
;4081950
;4082484
;4075913
;4081268
;4077760
;4372181
;4083408
;4079015
;4085539
;4081507
;4077168
;4082379
;4077914
;4372970
;4085285
;4078747
;4081647
;4084658
;4076225
;4131046
;4077942
;4082005
;4476744
;4079236
;4173381
;4066012
;4061821
;4065828
;4080073
;4348358
;4200708
;4078408
;4083252
;4078958
;4066990
;4081853
;4078752
;4352009
;4115264
;4060974
;4065281
;4076656
;4162134
;4083800
;4060945
;4372950
;4086460
;4063644
;4068922
;4077561
;4069156
;4065756
;4077776
;4445676
;4085604
;4077533
;4083363
;4078933
;4067245
;4083355
;4079784
;4067804
;4378805
;4151765
;4064935
;4079420
;4083314
;4066231
;4261226
;4155312
;4459486
;4079066
;4155662
;4078057
;4084974
;4082179
;4062443
;4067723
;4408099
;4101846
;4081912
;4077168
;4065589
;4081545
;4076903
;4132919
;4278350
;4084169
;4082887
;4079420
;4066307
;4082505
;4077596
;4083703
;4367871
;4164675
;4072703
;4069472
;4072996
;4067963
;4059832
;4071421
;4361561
;4155675
;4488023
;4077090
;4081231
;4082233
;4077673
;4082452
;4366618
;4086357
;4082258
;4078724
;4066947
;4078400
;4081610
;4083238
;4360264
;4083122
;4082012
;4078580
;4067401
;4078092
;4081869
;4101250
;4366099
;4152834
;4083833
;4079746
;4084673
;4076610
;4163583
;4081434
;4367887
;4153889
;4082591
;4079991
;4065443
;4077401
;4067087
;4082819
;4365314
;4084073
;4120946
;4090257
;4084874
;4077560
;4065585
;4066737
;4308172
;4153735
;4077735
;4067711
;4081386
;4078282
;4081940
;4082256
;4361741
;4075201
;4067717
;4060575
;4136115
;4053469
;4282909
;4168397
;4383991
;4151949
;4078428
;4065146
;4082489
;4077185
;4067387
;4081796
;4370276
;4083693
;4077416
;4093701
;4083835
;4077031
;4080762
;4078760
;4349399
;4301580
;4078622
;4081402
;4082719
;4077377
;4066431
;4078717
;4421329
;4085843
;4078808
;4081620
;4082653
;4059635
;4065870
;4077363
;4449530
;4164254
;4062797
;4151804
;4123497
;4078258
;4083244
;4060813
;4135850
;4404810
;4078298
;4083831
;4066455
;4061554
;4067721
;4077964
;4259600
;4271678
;4078689
;4083780
;4064972
;4078580
;4064083
;4078063
;4439861
;4157544
;4061580
;4067217
;4061744
;4064686
;4602200
;4068336
;4437735
;4155715
;4060645
;4065519
;4082884
;4077272
;4083381
;4077685
;4440933
;4156784
;4052418
;4073274
;4071254
;4066462
;4073758
;4068587
;4071785
;4424207
;4079436
;4150818
;4076960
;4081610
;4083797
;4061817
;4066466
;4373537
;4076751
;4082388
;4077556
;4066758
;4081791
;4286199
;4152980
;4301434
;4066020
;4072003
;4066605
;4056528
;4072249
;4068281
;4168452
;4349439
;4070045
;4072899
;4067508
;4056315
;4070206
;4067502
;4072162
;4356365
;4155035
;4130214
;4078592
;4083792
;4082451
;4059902
;4066314
;4349412
;4168936
;4065755
;4060621
;4083701
;4064212
;4061008
;4084614
;4345320
;4163928
;4067654
;4077171
;4082697
;4061463
;4065875
;4081248
;4305679
;4084430
;4065581
;4060228
;4065939
;4077628
;4065607
;4083089
;4370345
;4153727
;4059360
;4052495
;4072367
;4067277
;4071996
;4071320
;4356654
;4074735
;4057002
;4067591
;4055833
;4067459
;4056301
;4070751
;4360387
;4084380
;4061423
;4065222
;4081493
;4061725
;4063882
;4081180
;4359725
;4155335
;4060207
;4081472
;4081142
;4080033
;4065251
;4076586
;4372721
;4086501
;4060862
;4064008
;4083080
;4078038
;4065986
;4078748
;4065634
;4431441
;4067475
;4074108
;4073998
;4066703
;4277733
;4076333
;4331181
;4302342
;4076806
;4080606
;4065421
;4077243
;4065620
;4075140
;4357969
;4171809
;4061239
;4067500
;4080268
;4060244
;4082240
;4077061
;4370782
;4082537
;4060129
;4066460
;4076687
;4065759
;4082964
;4077676
;4440263
;4083934
;4061403
;4081636
;4061779
;4065131
;4082946
;4076958
;4065112
;4450912
;4079515
;4084106
;4059154
;4065170
;4083225
;4079027
;4082306
;4438089
;4078253
;4082473
;4078332
;4067126
;4075657
;4051829
;4055198
;4344967
;4083687
;4067172
;4062846
;4065569
;4081407
;4078762
;4081301
;4364100
;4085029
;4066401
;4060346
;4065868
;4077806
;4271413
;4152846
;4424309
;4149405
;4066141
;4077966
;4065502
;4081214
;4078713
;4065502
;4369043
;4165124
;4309406
;4068864
;4131111
;4065036
;4297248
;4207304
;4231308
;4168201
;4149030
;4076676
;4165874
;4149903
;4077673
;4147413
;4367211
;4156138
;4174293
;4060119
;4067577
;4167262
;4328268
;4071668
;4363041
;4155729
;4148029
;4059728
;4149388
;4070243
;4052914
;4056092
;4362130
;4166974
;4059666
;4067066
;4072039
;4072419
;4067182
;4057643
;4354808
;4074381
;4056103
;4067178
;4056495
;4066674
;4057654
;4072021
;4361808
;4084673
;4082095
;4059633
;4087062
;4059297
;4064099
;4082044
;4434927
;4168626
;4066541
;4077017
;4063026
;4076757
;4065334
;4081035
;4352451
;4158335
;4067239
;4060617
;4082742
;4061002
;4064212
;4081523
;4366871
;4084011
;4061890
;4067099
;4081525
;4076794
;4080867
;4081206
;4306720
;4165547
;4058878
;4081472
;4064362
;4077676
;4452902
;4167444
;4373555
;4148625
;4060520
;4433398
;4164189
;4077470
;4150968
;4152830
;4445885
;4085758
;4082045
;4076626
;4083270
;4077885
;4085221
;4153961
;4365827
;4186230
;4170696
;4078205
;4065542
;4079314
;4083784
;4082934
;4368288
;4153729
;4066059
;4062103
;4084191
;4078944
;4285891
;4147985
;4426967
;4155175
;4084159
;4076624
;4081231
;4077514
;4300688
;4637066
;5447889
;5431520
;5417549
;5418425
;5507139
;5363371
;5381156
;5418420
;5419236
;5398629
;5452164
;5398589
;4777211
;4310781
;4706521
;5889261
;5025932
;4715516
;4162389
;4296688
;4174750
;4342552
;4108785
;4159409
;4078810
;4083786
;4083092
;4387198
;4160489
;4151476
;4107041
;4171565
;4077577
;4085620
;4082940
;4385309
;4158909
;4061008
;4064696
;4081758
;4077994
;4081203
;4081746
;4381921
;4085985
;4078812
;4083021
;4085129
;4078236
;4085916
;4081815
;4098023
;4387202
;4078406
;4084084
;4079589
;4068618
;4073136
;4066771
;4125272
;4430840
;4079077
;4084655
;4082323
;4078128
;4083120
;4079786
;4279446
;4226066
;4077691
;4082669
;4082570
;4077892
;4081815
;4078860
;4429500
;4155669
;4077980
;4083531
;4084361
;4076567
;4282956
;4070111
;4363385
;4086539
;4077196
;4087514
;4083608
;4078237
;4082102
;4079525
;4371867
;4084532
;4078306
;4083562
;4084347
;4078108
;4068034
;4078090
;4082420
;4429163
;4076721
;4145441
;4073446
;4066508
;4073306
;4068000
;4056166
;4382568
;4067239
;4072607
;4067970
;4072364
;4116508
;4051534
;4061459
;4388700
;4079518
;4082608
;4077982
;4081446
;4080533
;4077744
;4081347
;4387326
;4077167
;4081974
;4077493
;4082146
;4081258
;4077940
;4081264
;4386823
;4100993
;4082106
;4077748
;4082509
;4081924
;4075508
;4081481
;4382704
;4157602
;4157275
;4080023
;4065607
;4070164
;4080602
;4085025
;4386575
;4140573
;4084260
;4079116
;4081333
;4082382
;4078078
;4257479
;4374839
;4152729
;4082224
;4078923
;4082116
;4082240
;4075670
;4080507
;4383008
;4086616
;4087024
;4078831
;4071092
;4076057
;4065615
;4081770
;4377924
;4076738
;4058737
;4067372
;4074922
;4068945
;4284215
;4148261
;4387188
;4088335
;4082780
;4076911
;4064747
;4077440
;4082399
;4083754
;4381799
;4086855
;4086943
;4078086
;4083995
;4060885
;4081901
;4081369
;4381953
;4141457
;4084539
;4077178
;4066026
;4078776
;4064452
;4083200
;4385791
;4160156
;4058599
;4086171
;4082531
;4078100
;4082481
;4082175
;4382139
;4087997
;4078232
;4083017
;4082786
;4077652
;4082756
;4081341
;4103835
;4386172
;4079152
;4089337
;4080041
;4068875
;4073219
;4068281
;4216732
;4273255
;4079827
;4082616
;4082722
;4077893
;4080867
;4078112
;4302346
;4146603
;4062482
;4082915
;4082180
;4076637
;4367785
;4078409
;4090165
;4490410
;4078043
;4170300
;4175404
;4078336
;4151796
;4078211
;4519820
;4149130
;4069669
;4075100
;4072867
;4069820
;4058362
;4068105
;4073076
;4387172
;4077427
;4083671
;4081393
;4077197
;4082104
;4078565
;4084319
;4390902
;4077899
;4080560
;4082230
;4076948
;4172489
;4174669
;4303609
;4303159
;4062733
;4088102
;4083158
;4076290
;4081786
;4078085
;4364739
;4141401
;4077720
;4083919
;4082359
;4077828
;4083651
;4076920
;4081296
;4460772
;4078557
;4084305
;4078148
;4083451
;4084973
;4078254
;4082191
;4393745
;4078397
;4088763
;4079673
;4087700
;4082940
;4079013
;4082594
;4392481
;4060572
;4082355
;4076329
;4082284
;4081819
;4078039
;4081562
;4387064
;4076806
;4083100
;4077155
;4082768
;4083033
;4075683
;4081079
;4388317
;4061241
;4083124
;4078620
;4085212
;4083606
;4078662
;4083337
;4444370
;4074045
;4072675
;4067385
;4080314
;4082637
;4078877
;4288043
;4322529
;4086719
;4066362
;4078049
;4064398
;4082750
;4079205
;4084592
;4449551
;4143912
;4085057
;4077256
;4082614
;4079195
;4220144
;4149915
;4370013
;4156492
;4069334
;4061473
;4149194
;4082720
;4076804
;4082638
;4387542
;4144113
;4149423
;4079685
;4137615
;4169741
;4264198
;4158298
;4364375
;4151824
;4156128
;4079881
;4150770
;4165122
;4067806
;4154587
;4448276
;4153852
;4129708
;4069055
;4149950
;4152397
;4079084
;4151553
;4308768
;4576643
;4164353
;4079936
;4154706
;4083497
;4059919
;4065326
;4456980
;4076642
;4081930
;4076316
;4081149
;4065029
;4077436
;4085252
;4438731
;4107957
;4081708
;4060973
;4065672
;4083766
;4079383
;4082047
;4322474
;4154623
;4072860
;4067945
;4072968
;4071764
;4150808
;4088065
;4364022
;4075541
;4073518
;4053552
;4057522
;4072170
;4069796
;4072133
;4434967
;4083793
;4082598
;4077851
;4081970
;4077389
;4083438
;4082788
;4373800
;4153041
;4081833
;4077941
;4083389
;4078826
;4083886
;4083681
;4362867
;4073055
;4072356
;4068000
;4056783
;4068805
;4075873
;4160316
;4367709
;4082325
;4472040
;4062947
;4151957
;4076047
;4165351
;4082717
;4370270
;4159253
;4174560
;4078515
;4157346
;4076266
;4268538
;4253304
;4370039
;4158954
;4154290
;4077691
;4175382
;4079707
;4083962
;4358830
;4369950
;4083206
;4081721
;4077466
;4067425
;4077126
;4081952
;4080420
;4366520
;4109073
;4086501
;4078596
;4084130
;4078844
;4083210
;4084428
;4370649
;4084981
;4083240
;4077207
;4082798
;4077944
;4083189
;4082090
;4369094
;4167256
;4083548
;4077988
;4134817
;4077551
;4081869
;4080679
;4366021
;4074920
;4075138
;4068980
;4074488
;4067619
;4072434
;4072357
;4106747
;4349485
;4077292
;4082351
;4081754
;4075563
;4081087
;4080140
;4143095
;4397010
;4078778
;4082517
;4081604
;4078737
;4371707
;4086084
;4120302
;4291552
;4068894
;4081746
;4085792
;4077240
;4088254
;4085169
;4333186
;4160861
;4079908
;4066273
;4081121
;4078450
;4082586
;4078695
;4083215
;4444500
;4077572
;4151931
;4083912
;4078944
;4083082
;4078476
;4082811
;4451128
;4079731
;4084134
;4084815
;4078772
;4083164
;4281182
;4081266
;4377675
;4076975
;4083051
;4081452
;4076721
;4083011
;4077563
;4083598
;4356190
;4076859
;4081875
;4081640
;4076417
;4066464
;4077347
;4118646
;4423561
;4076327
;4084175
;4080529
;4076513
;4081575
;4078369
;4124622
;4462804
;4078954
;4082871
;4077134
;4065749
;4082912
;4078434
;4081418
;4380903
;4061480
;4082242
;4080071
;4125857
;4086807
;4078302
;4085556
;4469769
;4356405
;4085491
;4078264
;4083535
;4084073
;4078973
;4082466
;4445838
;4077915
;4167527
;4066658
;4070936
;4142745
;4062124
;4082322
;4441006
;4080883
;4173676
;4079160
;4064727
;4083604
;4079442
;4146228
;4457683
;4068579
;4072587
;4068488
;4073415
;4072719
;4067933
;4202572
;4443754
;4067366
;4070656
;4065901
;4072498
;4072577
;4075735
;4074509
;4367486
;4067239
;4071644
;4067216
;4071634
;4073033
;4067062
;4142534
;4363553
;4084960
;4083792
;4077790
;4068197
;4081474
;4079632
;4287195
;4368170
;4082733
;4084440
;4077809
;4081868
;4082697
;4076888
;4081389
;4367130
;4153966
;4081788
;4077901
;4067486
;4083193
;4077650
;4082053
;4366239
;4086509
;4066601
;4080414
;4081209
;4078830
;4083967
;4082458
;4371102
;4085124
;4083539
;4077672
;4066753
;4076128
;4100457
;4148573
;4371675
;4156974
;4152591
;4067019
;4072014
;4067713
;4072876
;4072278
;4366936
;4084623
;4083065
;4077233
;4083604
;4077881
;4080946
;4081814
;4365776
;4151223
;4065720
;4079205
;4083859
;4080800
;4083167
;4083239
;4078646
;4448934
;4078749
;4156519
;4082050
;4077151
;4082616
;4084825
;4076269
;4375187
;4077845
;4082983
;4081058
;4076972
;4082133
;4081384
;4077357
;4369509
;4067907
;4071863
;4072089
;4069501
;4071320
;4067688
;4071211
;4373410
;4077909
;4081715
;4081501
;4077114
;4079049
;4078401
;4151170
;4385303
;4353332
;4083179
;4083657
;4078557
;4084386
;4077162
;4287841
;4378370
;4078958
;4083151
;4082654
;4077401
;4083784
;4079252
;4082378
;4376894
;4060263
;4083673
;4082952
;4078165
;4083503
;4078046
;4083454
;4452863
;4061115
;4082932
;4082704
;4077904
;4081653
;4078683
;4085465
;4378858
;4077671
;4081436
;4075771
;4084001
;4082454
;4077246
;4082107
;4375390
;4077553
;4082268
;4077334
;4081908
;4149797
;4075964
;4082114
;4507635
;4069929
;4167525
;4079011
;4082181
;4083715
;4078385
;4083298
;4444749
;4076843
;4082721
;4077324
;4080913
;4081175
;4076746
;4141398
;4368247
;4067923
;4074980
;4068227
;4073160
;4370452
;4077796
;4302494
;4495211
;4079801
;4169958
;4079087
;4080993
;4067367
;4075422
;4066915
;4523964
;4079238
;4082780
;4078794
;4083335
;4082222
;4078249
;4079936
;4374013
;4077924
;4084262
;4078776
;4082952
;4083207
;4078690
;4083860
;4465303
;4077389
;4150848
;4078357
;4172013
;4153192
;4078610
;4357032
;4485083
;4081681
;4087246
;4079865
;4082855
;4065490
;4079391
;4082734
;4387409
;4076707
;4082387
;4075906
;4081794
;4083347
;4077747
;4066864
;4370847
;4085046
;4065080
;4154379
;4081938
;4081813
;4078738
;4067241
;4367557
;4083845
;4081646
;4077736
;4066555
;4081059
;4076901
;4082341
;4374926
;4153083
;4083315
;4079282
;4081531
;4082157
;4078653
;4082264
;4363914
;4084282
;4106407
;4075851
;4136157
;4078905
;4082347
;4084189
;4372837
;4085242
;4081972
;4062352
;4067273
;4079098
;4084343
;4452417
;4439257
;4165687
;4071961
;4067357
;4072927
;4066814
;4072284
;4071423
;4364010
;4161780
;4169001
;4077755
;4082525
;4076624
;4171125
;4065251
;4079980
;4382809
;4081974
;4077887
;4084673
;4077691
;4084778
;4083813
;4183324
;4342265
;4288393
;4061813
;4083499
;4075756
;4079936
;4079920
;4284658
;4252326
;4145484
;4077045
;4081580
;4076798
;4080110
;4082484
;4645050
;4085999
;4082546
;4077924
;4082486
;4077976
;4083726
;4083074
;4369859
;4084032
;4082393
;4078883
;4084124
;4079565
;4084047
;4082687
;4368999
;4084460
;4082896
;4061892
;4079863
;4076045
;4081070
;4080702
;4076976
;4446654
;4077495
;4081800
;4082839
;4077786
;4082916
;4080859
;4076231
;4456313
;4078905
;4082878
;4082905
;4077636
;4083146
;4082000
;4078326
;4459975
;4078846
;4082523
;4082859
;4078194
;4081473
;4078321
;4081788
;4335874
;4077002
;4080849
;4082185
;4077347
;4082116
;4075138
;4081388
;4390061
;4116118
;4120452
;4081808
;4078454
;4083824
;4078049
;4084152
;4377667
;4079924
;4081430
;4147047
;4079776
;4160810
;4078638
;4082958
;4381978
;4077335
;4145910
;4072215
;4066451
;4072375
;4067893
;4073708
;4460068
;4078256
;4081962
;4076318
;4081484
;4082157
;4077503
;4080926
;4374106
;4077391
;4080924
;4077776
;4083031
;4081112
;4076954
;4079229
;4547766
;4077268
;4082539
;4077537
;4081574
;4147399
;4077851
;4082013
;4373142
;4077839
;4081269
;4077237
;4082780
;4082984
;4076263
;4083098
;4378398
;4079404
;4082758
;4078759
;4082518
;4083335
;4080046
;4082947
;4409264
;4119620
;4084260
;4077205
;4081240
;4131348
;4076367
;4083471
;4370331
;4082904
;4081786
;4077138
;4080353
;4081246
;4077529
;4080871
;4372481
;4084420
;4082468
;4078110
;4084705
;4081527
;4077339
;4081515
;4368483
;4175461
;4086815
;4078905
;4083529
;4078583
;4066968
;4082082
;4117547
;4415430
;4082539
;4078927
;4081709
;4281954
;4234450
;4157233
;4318478
;4245630
;4176160
;4077896
;4147119
;4070852
;4068180
;4071057
;4511609
;4177485
;4083396
;4078305
;4081631
;4082167
;4077448
;4081853
;4113563
;4412478
;4083541
;4077831
;4080842
;4078203
;4082140
;4082411
;4147662
;4310437
;4084649
;4077634
;4084043
;4077430
;4082091
;4081984
;4420386
;4250497
;4073157
;4068519
;4071482
;4067052
;4072047
;4072816
;4334397
;4118029
;4064168
;4078608
;4081470
;4077191
;4081782
;4081230
;4366935
;4075081
;4068180
;4071312
;4071144
;4066492
;4071120
;4070814
;4426425
;4073859
;4068190
;4071314
;4071338
;4069229
;4071877
;4071366
;4067625
;4432260
;4053135
;4072243
;4088716
;4068251
;4075112
;4066646
;4060789
;4368367
;4075846
;4079782
;4081819
;4077298
;4066216
;4077582
;4081887
;4381841
;4159711
;4085972
;4082821
;4079347
;4081432
;4078366
;4147482
;4378278
;4078711
;4079910
;4080968
;4078109
;4082019
;4077583
;4082078
;4450560
;4078668
;4083691
;4082021
;4075563
;4253599
;4076432
;4132698
;4427544
;4078308
;4155624
;4165470
;4078209
;4067771
;4078209
;4066885
;4373457
;4077322
;4084046
;4077423
;4082545
;4081580
;4078169
;4081951
;4374001
;4078239
;4082347
;4078315
;4083904
;4081456
;4076703
;4081428
;4484515
;4071300
;4073099
;4067177
;4059385
;4072994
;4067804
;4055289
;4366568
;4069116
;4071549
;4067395
;4072336
;4072664
;4068089
;4056009
;4288462
;4082677
;4081247
;4079063
;4069233
;4083837
;4078338
;4080895
;4308553
;4088819
;4084665
;4079620
;4083462
;4077910
;4100345
;4086655
;4301240
;4085989
;4085143
;4079250
;4066988
;4079386
;4065249
;4083774
;4297021
;4077719
;4072087
;4069802
;4073634
;4068419
;4072273
;4072132
;4067862
;4380769
;4079370
;4089199
;4089483
;4079738
;4085501
;4083922
;4077063
;4399352
;4076569
;4082424
;4093068
;4076407
;4083248
;4082179
;4303484
;4469339
;4067340
;4141514
;4073022
;4068666
;4231122
;4147854
;4248924
;4155020
;4067448
;4074071
;4058249
;4067000
;4057779
;4073132
;4067895
;4321425
;4078691
;4157525
;4086762
;4075923
;4066389
;4078278
;4163175
;4293404
;4077925
;4082312
;4082956
;4061830
;4064548
;4078778
;4083934
;4592929
;4079416
;4158856
;4084756
;4076731
;4082220
;4076748
;4065840
;4307464
;4078041
;4082005
;4080276
;4076972
;4081782
;4079021
;4081349
;4468516
;4078150
;4086260
;4149397
;4078316
;4066208
;4079486
;4082537
;4311980
;4080290
;4087147
;4457946
;4060690
;4084331
;4078770
;4081780
;4316395
;4076565
;4083053
;4081730
;4078031
;4081011
;4076365
;4081782
;4396615
;4077739
;4087833
;4061767
;4083831
;4064929
;4061346
;4066929
;4309834
;4078240
;4080980
;4078164
;4082325
;4080118
;4076716
;4347272
;4388534
;4078968
;4088054
;4077205
;4086762
;4381416
;4079675
;4154861
;4411502
;4078658
;4085582
;4077551
;4082278
;4082733
;4061423
;4083462
;4453499
;4068707
;4195640
;4077964
;4162047
;4175163
;4077893
;4081967
;4318640
;4067112
;4071901
;4051911
;4072439
;4069919
;4067819
;4057440
;4293823
;4090095
;4071274
;4080592
;4069642
;4081351
;4077480
;4081157
;4301809
;4356518
;4169205
;4078341
;4067204
;4084845
;4077477
;4080859
;4299680
;4087534
;4083895
;4078782
;4081497
;4083142
;4077193
;4081977
;4367593
;4075283
;4072515
;4068899
;4072522
;4067288
;4071350
;4068184
;4065291
;4376453
;4088704
;4079165
;4085406
;4078387
;4082795
;4081505
;4076796
;4329531
;4083268
;4078612
;4083608
;4078436
;4083073
;4084497
;4104338
;4304979
;4077920
;4084094
;4083515
;4077142
;4082386
;4082369
;4126216
;4265327
;4068249
;4072806
;4070501
;4067221
;4057133
;4073349
;4067545
;4319237
;4077551
;4087916
;4085098
;4078369
;4083137
;4078320
;4082485
;4315905
;4078630
;4083219
;4083301
;4078583
;4082886
;4078740
;4081745
;4305765
;4068943
;4073630
;4073632
;4068631
;4073997
;4068197
;4072664
;4388214
;4069727
;4141694
;4051980
;4071927
;4074432
;4067998
;4056254
;4304623
;4078968
;4089610
;4078756
;4089774
;4082957
;4078020
;4081902
;4386845
;4284010
;4082195
;4078227
;4082648
;4081695
;4077365
;4081845
;4309228
;4077130
;4082345
;4078482
;4081276
;4082760
;4078381
;4063218
;4301643
;4085897
;4083146
;4078640
;4085314
;4083628
;4077828
;4082236
;4300270
;4083278
;4068164
;4079466
;4067320
;4068115
;4059441
;4072227
;4065779
;4309593
;4082962
;4078713
;4116660
;4076468
;4148872
;4082648
;4078059
;4331384
;4082734
;4078326
;4085021
;4077485
;4084116
;4082562
;4098995
;4305048
;4083213
;4079841
;4081628
;4078545
;4082963
;4084998
;4191875
;4213309
;4075901
;4081488
;4081481
;4077614
;4082629
;4080989
;4077419
;4309271
;4324895
;4155605
;4084442
;4077816
;4083189
;4084351
;4077365
;4402270
;4077545
;4161286
;4086768
;4077229
;4065441
;4082581
;4075675
;4315389
;4079355
;4084175
;4082205
;4078952
;4067626
;4076709
;4081679
;4305945
;4079943
;4084517
;4066745
;4077730
;4083270
;4078598
;4064678
;4308465
;4285346
;4161331
;4086679
;4077740
;4082673
;4077486
;4082898
;4315229
;4078126
;4083306
;4083583
;4077228
;4082345
;4078852
;4084202
;4295050
;4079029
;4161960
;4080306
;4066956
;4081950
;4078994
;4083861
;4310163
;4068328
;4071595
;4067980
;4055728
;4072456
;4068200
;4072146
;4145538
;4241027
;4089780
;4078825
;4087194
;4082555
;4078236
;4083147
;4218117
;4201239
;4152494
;4064136
;4154662
;4157375
;4078881
;4147652
;4305914
;4076251
;4071860
;4069529
;4071875
;4072721
;4069352
;4071490
;4298702
;4078341
;4057378
;4067627
;4071229
;4270293
;4211857
;4153452
;4068988
;4266337
;4160537
;4079644
;4087197
;4076693
;4082675
;4080555
;4382568
;4086898
;4082414
;4077487
;4083859
;4077233
;4083503
;4081550
;4077395
;4307880
;4088501
;4076561
;4082415
;4077995
;4081731
;4081179
;4077310
;4329306
;4148400
;4077928
;4154057
;4077489
;4082150
;4081122
;4077806
;4305362
;4284377
;4060681
;4154616
;4077658
;4065540
;4082008
;4078865
;4324851
;4077171
;4083932
;4082294
;4077335
;4082308
;4081310
;4077132
;4314166
;4076811
;4087515
;4084114
;4072074
;4073504
;4066618
;4072996
;4316951
;4079841
;4086066
;4086082
;4078972
;4082150
;4076471
;4082680
;4307664
;4077958
;4079898
;4083642
;4077664
;4080335
;4076885
;4082574
;4303355
;4053799
;4071257
;4071478
;4068579
;4073014
;4068677
;4072572
;4440604
;4080312
;4087631
;4077917
;4084288
;4082791
;4077504
;4065423
;4313219
;4068274
;4164089
;4152435
;4150397
;4071379
;4068152
;4058538
;4515237
;4068563
;4072051
;4066887
;4072895
;4072249
;4067870
;4074861
;4388672
;4079775
;4172329
;4081270
;4084048
;4146846
;4068613
;4069004
;4388937
;4079865
;4158697
;4077430
;4083438
;4080675
;4076035
;4066231
;4131638
;4272170
;4153735
;4079393
;4085414
;4081045
;4077187
;4455612
;4301837
;4158522
;4201217
;4370444
;4194528
;4153609
;4081085
;4153081
;4389198
;4077802
;4150229
;4079159
;4147036
;4145352
;4076705
;4151897
;4396043
;4078005
;4147896
;4078015
;4134977
;4147172
;4078482
;4153496
;4290564
;4097210
;4161052
;4081693
;4360895
;4081942
;4078043
;4082324
;4374277
;4068978
;4073245
;4066533
;4074199
;4071433
;4067233
;4073189
;4302356
;4078221
;4082677
;4079515
;4065156
;4082940
;4061409
;4065733
;4306380
;4088768
;4081543
;4076571
;4064757
;4082869
;4077863
;4081268
;4298734
;4169912
;4156891
;4077549
;4086633
;4084797
;4078324
;4067561
;4077768
;4307173
;4086888
;4078938
;4067523
;4078288
;4065929
;4082252
;4079249
;4382865
;4083054
;4062415
;4082017
;4076976
;4066261
;4080996
;4076711
;4389156
;4154634
;4078225
;4084086
;4079609
;4081851
;4081072
;4077930
;4307984
;4072695
;4068713
;4073662
;4069239
;4071504
;4073353
;4069480
;4260471
;4281177
;4151018
;4081904
;4076112
;4065197
;4079901
;4076911
;4309147
;4077800
;4184943
;4080543
;4061217
;4081492
;4082248
;4077919
;4309008
;4077637
;4083793
;4081839
;4077668
;4065158
;4075358
;4065324
;4313736
;4076587
;4082904
;4081003
;4078039
;4081115
;4076274
;4068521
;4308872
;4078149
;4160595
;4088094
;4079567
;4082543
;4077480
;4084045
;4247814
;4078588
;4082748
;4062540
;4150903
;4082347
;4078784
;4065935
;4380145
;4061215
;4082268
;4077466
;4066295
;4080074
;4077056
;4066562
;4307530
;4078771
;4084223
;4079989
;4084300
;4357010
;4078790
;4158810
;4257848
;4128795
;4180492
;4077974
;4151743
;4167094
;4077333
;4166295
;4389119
;4077861
;4083564
;4078047
;4081357
;4081398
;4077458
;4081752
;4078242
;4307267
;4084160
;4076553
;4084100
;4080830
;4077529
;4067460
;4128851
;4331414
;4082673
;4078460
;4091188
;4083335
;4076181
;4080195
;4282976
;4113925
;4366968
;4076670
;4151822
;4064917
;4061327
;4081624
;4077639
;4299051
;4153508
;4051594
;4138396
;4084410
;4078424
;4129275
;4078963
;4403648
;4186773
;4079369
;4158944
;4122316
;4109492
;4152170
;4078517
;4299204
;4176123
;4076668
;4157108
;4090416
;4077935
;4084768
;4077726
;4370438
;4081828
;4077723
;4082140
;4076685
;4082857
;4081948
;4115974
;4329782
;4107354
;4077559
;4150010
;4078189
;4083513
;4081892
;4077409
;4371272
;4082756
;4072806
;4074900
;4066769
;4056684
;4072982
;4067776
;4370804
;4126993
;4110871
;4172752
;4079075
;4148640
;4152419
;4077236
;4515410
;4152123
;4079258
;4161045
;4078491
;4082606
;4082164
;4133052
;4286260
;4147449
;4076261
;4082506
;4076298
;4080511
;4080499
;4077551
;4374788
;4068062
;4072134
;4071788
;4066943
;4071747
;4072931
;4065387
;4320909
;4069618
;4056327
;4071577
;4068081
;4056694
;4065371
;4073794
;4370693
;4240873
;4173211
;4082665
;4078327
;4065757
;4077346
;4166886
;4376460
;4077116
;4083148
;4082877
;4078301
;4081239
;4079399
;4083134
;4373685
;4078529
;4141271
;4071617
;4067275
;4073476
;4069346
;4072782
;4384671
;4077879
;4065566
;4083388
;4079602
;4082454
;4079496
;4081760
;4373922
;4076942
;4082189
;4075879
;4094460
;4083219
;4078128
;4066378
;4151553
;4303888
;4151883
;4079440
;4083922
;4082742
;4077396
;4081539
;4194210
;4199767
;4142131
;4077197
;4083406
;4082825
;4077873
;4082533
;4297469
;4157557
;4162313
;4069484
;4142301
;4082178
;4075957
;4083581
;4414113
;4107041
;4166306
;4078592
;4082968
;4082839
;4078418
;4083371
;4416938
;4105765
;4158663
;4068752
;4073328
;4071810
;4067401
;4071474
;4067152
;4359765
;4143078
;4068788
;4058536
;4056629
;4068134
;4074010
;4066164
;4368930
;4164762
;4079456
;4175730
;4164780
;4080393
;4146775
;4171351
;4319816
;4302708
;4080079
;4141219
;4072201
;4068261
;4071917
;4110000
;4334876
;4083191
;4077047
;4083220
;4074043
;4068450
;4146289
;4186435
;4207071
;4073567
;